gameID,ATeam,HTeam,BookWin,BookSpread,FloWin,FloSpread,FloProb,MLWinnings,SpreadWinnings,WTeam,PD,FloCorrect,BookCorrect,FloSpreadCorrect,PredPD,SpreadRank,WinRank,FloProbTeam,FloProbPlayer,FloProbSched,HomeWin,FreshWin
022822CHAMIL,CHA,MIL,MIL,-10.5,MIL,-10.5,0.5628162501953807,0.18181818181818182,0.91,MIL,24,1,1,1,13.5683100422022,3,4,NA,NA,NA,1,0
022822CHIMIA,CHI,MIA,MIA,-4,MIA,4,0.5105508767408901,0.6060606060606061,-1,MIA,13,1,1,0,2.2789893760322286,2,2,NA,NA,NA,1,0
022822INDORL,IND,ORL,ORL,-1,ORL,-1,0.5102826959162405,0.8333333333333334,0.91,ORL,16,1,1,1,2.2210623179079505,2,2,NA,NA,NA,1,0
022822MINCLE,MIN,CLE,MIN,-3,MIN,3,0.5098381790019664,0.6451612903225806,-1,MIN,5,1,1,0,2.1250466644247297,1,1,NA,NA,NA,0,0
022822SACOKC,SAC,OKC,SAC,-5,SAC,-5,0.5249213513040001,0.5,0.91,SAC,21,1,1,1,5.383011881664004,1,2,NA,NA,NA,0,0
022822SAMEM,SA,MEM,MEM,-8,MEM,8,0.5245116894011327,0.273972602739726,-1,MEM,13,1,1,0,5.29452491064464,2,2,NA,NA,NA,1,0
022822TORBKN,TOR,BKN,TOR,-4,TOR,-4,0.5632859102705078,0.5882352941176471,0.91,TOR,36,1,1,1,13.669756618429716,5,4,NA,NA,NA,0,0
030122ATLBOS,ATL,BOS,BOS,-7,BOS,-7,0.5363111792904729,0.3448275862068966,0.91,BOS,9,1,1,1,7.843214726742133,1,3,NA,NA,NA,1,0
030122BKNTOR,BKN,TOR,TOR,-8.5,TOR,-8.5,0.568130029525012,0.273972602739726,-1,TOR,1,1,1,0,14.716086377402604,4,4,NA,NA,NA,1,0
030122DALLAL,DAL,LAL,DAL,-5.5,DAL,-5.5,0.548447006103296,0.47619047619047616,-1,DAL,5,1,1,0,10.464553318311943,3,3,NA,NA,NA,0,0
030122DETWAS,DET,WAS,WAS,-3,WAS,-3,0.5270922547445822,0.6666666666666666,-1,WAS,3,1,1,NA,5.851927024829763,2,2,NA,NA,NA,1,0
030122GSMIN,GS,MIN,GS,-1,GS,-1,0.5070426346505317,-1,-1,MIN,15,0,0,0,1.521209084514851,1,1,NA,NA,NA,1,-1
030122LACHOU,LAC,HOU,LAC,-7,LAC,-7,0.5382829101397086,0.3448275862068966,0.91,LAC,13,1,1,1,8.26910859017707,2,3,NA,NA,NA,0,0
030222CHACLE,CHA,CLE,CLE,-3,CLE,-3,0.5237721232573657,-1,-1,CHA,21,0,0,0,-5.33437028820417,2,2,NA,NA,NA,0,0
030222INDORL,IND,ORL,ORL,-1,IND,1,0.5311618712304584,0.9090909090909091,0.91,IND,8,1,0,1,-6.418088650719682,4,3,NA,NA,NA,0,0
030222MIAMIL,MIA,MIL,MIL,-4,MIL,-4,0.5166759670000751,0.5882352941176471,-1,MIL,1,1,1,0,-4.038511374999018,1,2,NA,NA,NA,1,0
030222NYPHI,NY,PHI,PHI,-10.5,PHI,-10.5,0.5768919232348949,0.17391304347826086,0.91,PHI,15,1,1,1,-16.907373373254302,4,4,NA,NA,NA,1,0
030222OKCDEN,OKC,DEN,DEN,-13.5,DEN,-13.5,0.5751805565787755,-1,-1,OKC,12,0,0,0,-16.323430564021734,2,4,NA,NA,NA,0,0
030222PORPHO,POR,PHO,PHO,-13.5,PHO,-13.5,0.5785095053363916,0.1,0.91,PHO,30,1,1,1,-18.076127591956336,3,4,NA,NA,NA,1,0
030222SACNO,SAC,NO,NO,-6,NO,-6,0.5394023983593352,0.4166666666666667,0.91,NO,30,1,1,1,-8.70752445408688,2,3,NA,NA,NA,1,0
030222UTAHOU,UTA,HOU,UTA,-12.5,UTA,-12.5,0.6295019731069288,0.1111111111111111,-1,UTA,5,1,1,0,-28.22785563996507,5,5,NA,NA,NA,0,1
030322CHIATL,CHI,ATL,CHI,-4.5,CHI,-4.5,0.5401833942859724,-1,-1,ATL,6,0,0,0,-9.219655481855597,3,3,NA,NA,NA,1,0
030322DETTOR,DET,TOR,TOR,-8.5,TOR,-8.5,0.5928717554189835,-1,-1,DET,2,0,0,0,-20.07744495494795,5,4,NA,NA,NA,0,0
030322GSDAL,GS,DAL,GS,-2.5,GS,2.5,0.5069630812143876,-1,0.91,DAL,9,0,0,1,-1.6120050169966476,1,1,NA,NA,NA,1,0
030322LALLAC,LAL,LAC,LAC,-2.5,LAC,-2.5,0.5200280515337989,0.7142857142857143,0.91,LAC,21,1,1,1,-4.1978775543458084,2,2,NA,NA,NA,1,0
030322MEMBOS,MEM,BOS,MEM,-3,BOS,3,0.5115171811985864,1.3,0.91,BOS,13,1,0,1,-2.7344900733642845,4,2,NA,NA,NA,1,0
030322MIABKN,MIA,BKN,MIA,-3.5,MIA,-3.5,0.5360137394653492,0.625,0.91,MIA,6,1,1,1,-8.070718361309275,3,3,NA,NA,NA,0,-1
030322SACSA,SAC,SA,SA,-6.5,SA,-6.5,0.5460461756458808,-1,-1,SAC,3,0,0,0,-9.908474803812098,3,3,NA,NA,NA,0,-1
030422ATLWAS,ATL,WAS,ATL,-4.5,ATL,-4.5,0.5298079486221768,0.5263157894736842,-1,ATL,3,1,1,0,-6.393954294029271,2,2,NA,NA,NA,0,-1
030422CLEPHI,CLE,PHI,PHI,-7.5,PHI,7.5,0.5169687799056193,0.3125,0.91,PHI,6,1,1,1,-3.9309526429476165,1,2,NA,NA,NA,1,0
030422HOUDEN,HOU,DEN,DEN,-14,DEN,-14,0.5978204188905379,0.1,0.91,DEN,15,1,1,1,-20.57849186502125,4,4,NA,NA,NA,1,0
030422INDDET,IND,DET,IND,-2.5,IND,-2.5,0.548582120923626,-1,-1,DET,5,0,0,0,-9.902669539614038,4,3,NA,NA,NA,1,-1
030422MILCHI,MIL,CHI,MIL,-4.5,MIL,-4.5,0.5290396793254692,0.5263157894736842,0.91,MIL,6,1,1,1,-6.956656022914274,2,2,NA,NA,NA,0,1
030422MINOKC,MIN,OKC,MIN,-9.5,MIN,-9.5,0.565543470032469,0.2222222222222222,0.91,MIN,37,1,1,1,-14.337704062351833,3,4,NA,NA,NA,0,0
030422NYPHO,NY,PHO,PHO,-7,PHO,-7,0.5905615496972221,0.3448275862068966,-1,PHO,1,1,1,0,-20.201483131008757,5,4,NA,NA,NA,1,0
030422ORLTOR,ORL,TOR,TOR,-8,TOR,-8,0.5747286034387175,-1,-1,ORL,6,0,0,0,-15.814424234097842,4,4,NA,NA,NA,0,0
030422UTANO,UTA,NO,UTA,-4,UTA,-4,0.5294867965814097,-1,-1,NO,34,0,0,0,-6.975422224646394,2,2,NA,NA,NA,1,0
030522GSLAL,GS,LAL,GS,-6,GS,-6,0.545509313479566,-1,-1,LAL,8,0,0,0,-9.823284448879292,3,3,0.6461566059163312,0.6702821013984765,0.6020282804604027,1,0
030522ORLMEM,ORL,MEM,MEM,-16,MEM,-16,0.6048659356977979,0.045454545454545456,0.91,MEM,28,1,1,1,-22.447701246178767,4,5,0.8864634698417776,0.7027155823862341,0.6694566237333042,1,1
030522PHIMIA,PHI,MIA,MIA,-2,MIA,-2,0.516746962380028,0.8,0.91,MIA,17,1,1,1,-3.917358266916949,2,2,0.5868744687109944,0.4644142911233605,0.5013871449102427,1,0
030522PORMIN,POR,MIN,MIN,-14,MIN,14,0.5468906846522736,0.07272727272727272,-1,MIN,14,1,1,0,-10.255861459680673,1,3,0.6124425001101235,0.6846691375879292,0.6127414768782912,1,1
030522SACDAL,SAC,DAL,DAL,-7,DAL,-7,0.5421589105392052,0.35714285714285715,-1,DAL,1,1,1,0,-9.291192973301492,2,3,0.4907334545356986,0.46412134350506695,0.7623346450070227,1,0
030522SACHA,SA,CHA,CHA,-4,CHA,4,0.514340287702781,0.6060606060606061,-1,CHA,6,1,1,0,-3.1901834343906046,1,2,0.48487501466630945,0.5143786676845892,0.565114356157669,1,0
030622BKNBOS,BKN,BOS,BOS,-5.5,BOS,-5.5,0.534914575749659,0.45454545454545453,0.91,BOS,6,1,1,1,-8.063186873329343,2,3,0.5277781813111897,0.5406165236209624,0.6255947144690341,1,0
030622INDWAS,IND,WAS,WAS,-2.5,IND,2.5,0.5385868403724506,-1,0.91,WAS,10,0,1,1,-8.294908985522966,5,3,0.5530611215456385,0.7889089535797719,0.3504043847537631,1,0
030622MEMHOU,MEM,HOU,MEM,-10.5,MEM,-10.5,0.5851874602485155,-1,-1,HOU,11,0,0,0,-17.82191341822042,4,4,0.8015131667261992,0.6418172772128529,0.9752319328753555,1,1
030622NODEN,NO,DEN,DEN,-3.5,NO,3.5,0.5315477405465284,-1,0.91,DEN,8,0,1,1,-7.22163415428696,5,3,0.4893880022541265,0.7395328818884317,0.49069715061255836,1,0
030622NYLAC,NY,LAC,LAC,-5,LAC,-5,0.543928147922055,-1,-1,NY,23,0,0,0,-9.208183331858308,3,3,0.4474952473824829,0.5241206353949672,0.7466411117050593,0,0
030622PHOMIL,PHO,MIL,MIL,-8.5,MIL,8.5,0.5299631063712549,0.2631578947368421,-1,MIL,10,1,1,0,-7.263971909769211,1,2,0.44130326426699673,0.679003951876896,0.4566586798638166,1,0
030622TORCLE,TOR,CLE,CLE,-4,CLE,4,0.5107165480160438,0.5555555555555556,-1,CLE,8,1,1,0,-2.4196326196122584,1,2,0.5253194158360537,0.5346824272662669,0.4793112052424292,1,0
030622UTAOKC,UTA,OKC,UTA,-13.5,UTA,-13.5,0.5765242596271283,0.08888888888888889,-1,UTA,13,1,1,0,-17.07355777351799,3,4,1,0.6660054207720583,0.6452457785052713,0,0
030722ATLDET,ATL,DET,ATL,-7.5,ATL,-7.5,0.5538717066974208,-1,-1,DET,3,0,0,0,-11.905369740498173,3,3,0.8502604845199079,0.6401667815471096,0.5967649250682142,1,0
030722CHIPHI,CHI,PHI,PHI,-7,PHI,7,0.5070231083202745,0.29850746268656714,-1,PHI,15,1,1,0,-1.6519776296198216,1,1,0.4059006337663712,0.48538347517901725,0.5661785633993501,1,0
030722GSDEN,GS,DEN,DEN,-8,DEN,8,0.5344734382047656,0.273972602739726,0.91,DEN,7,1,1,1,-7.562781141643555,1,3,0.48263308193319543,0.6671902541047641,0.6289347680650237,1,-1
030722HOUMIA,HOU,MIA,MIA,-14.5,MIA,-14.5,0.6364419800639836,0.0625,0.91,MIA,17,1,1,1,-29.242959462548953,5,5,0.7480087217051914,0.6887899416371273,0.9493942064825643,1,-1
030722LALSA,LAL,SA,SA,-2,SA,-2,0.5130601375542397,0.7407407407407407,0.91,SA,7,1,1,1,-2.681716555974276,1,2,0.5888933897612687,0.5762872810267967,0.44218721020207064,1,0
030722NYSAC,NY,SAC,SAC,-3.5,SAC,-3.5,0.5354276596575649,-1,-1,NY,16,0,0,0,-7.200344290863143,3,3,0.5666734465815009,0.5651178813406349,0.46754540613698303,0,-1
030722PORMIN,POR,MIN,MIN,-14.5,MIN,14.5,0.5310306815767505,0.07272727272727272,-1,MIN,43,1,1,0,-7.14431587803513,1,3,0.6175951480935512,0.4713288017545969,0.6474216932714552,1,0
030722UTADAL,UTA,DAL,DAL,-1.5,UTA,1.5,0.5161584380552978,-1,0.91,DAL,8,0,1,1,-3.7193461451423957,4,2,0.6551646486406411,0.7088693524862947,0.43306131601846787,1,0
030822BKNCHA,BKN,CHA,BKN,-4,CHA,4,0.5099855822296984,-1,0.91,BKN,11,0,1,1,-2.225990217018335,4,1,0.4788409537792828,0.5005920206688947,0.5495113428937342,0,0
030822CLEIND,CLE,IND,CLE,-3,CLE,3,0.5003767553799429,0.6896551724137931,-1,CLE,3,1,1,0,-0.08332808616270881,1,1,0.46363854950174477,0.40933568281348376,0.7620302205088135,0,0
030822LACGS,LAC,GS,GS,-5.5,GS,5.5,0.5110036618242422,0.4444444444444444,-1,GS,15,1,1,0,-2.3841367586694844,1,2,0.7444845091210092,0.6262359953446603,0.4124476372449323,1,-1
030822MILOKC,MIL,OKC,MIL,-13,MIL,-13,0.6086615537942707,0.1111111111111111,0.91,MIL,27,1,1,1,-24.83666028915431,5,5,1,0.7844428099986597,0.6837947988918638,0,0
030822NOMEM,NO,MEM,MEM,-5.5,NO,5.5,0.5036443395632721,-1,0.91,MEM,21,0,1,1,-0.8437964697149312,4,1,0.4077044570523632,0.6187990320235709,0.483912950203967,1,0
030822PHOORL,PHO,ORL,PHO,-6.5,PHO,-6.5,0.5670284340248853,0.4,-1,PHO,3,1,1,0,-14.638846265152665,5,4,0.8927250357218418,0.5924374237555968,0.6943087592919861,0,0
030922ATLMIL,ATL,MIL,MIL,-4.5,MIL,4.5,0.5123109835130026,0.4444444444444444,-1,MIL,9,1,1,0,-2.883329177109971,1,2,0.5197539801306892,0.5314353076078252,0.5608265335177306,1,-1
030922BOSCHA,BOS,CHA,BOS,-7,BOS,-7,0.5385413965775843,0.3225806451612903,0.91,BOS,14,1,1,1,-9.00197667849497,2,3,0.5391019094140342,0.524601568342162,0.6211241290823243,0,1
030922CHIDET,CHI,DET,CHI,-5.5,CHI,-5.5,0.5303331772430875,0.425531914893617,0.91,CHI,6,1,1,1,-6.671080127364718,2,3,0.8556834731446122,0.5359868161924827,0.5137219387230625,0,0
030922DENSAC,DEN,SAC,DEN,-7,DEN,-7,0.5614265136392864,0.3448275862068966,-1,DEN,6,1,1,0,-13.525496338799826,4,4,0.6156875672945498,0.5558975898543533,0.8033795625615336,0,0
030922LALHOU,LAL,HOU,LAL,-6,LAL,-6,0.5342872639467011,-1,-1,HOU,9,0,0,0,-6.698506437802678,1,3,0.6502542790117702,0.5220092449583024,0.8477515271233573,1,0
030922NYDAL,NY,DAL,DAL,-9,DAL,-9,0.565689365611395,-1,-1,NY,30,0,0,0,-14.465047218085289,4,4,0.5502656225618836,0.562975875887219,0.7514770898572102,0,0
030922OKCMIN,OKC,MIN,MIN,-14.5,MIN,-14.5,0.5952405499637525,0.06666666666666667,0.91,MIN,30,1,1,1,-19.64393032855439,4,4,1,0.5077060347186857,0.7062181941229189,1,1
030922ORLNO,ORL,NO,NO,-8,NO,-8,0.5574203689911278,-1,-1,ORL,6,0,0,0,-12.13165121717526,3,3,0.8756146910392862,0.5242974618187659,0.6366237168217403,0,0
030922PHOMIA,PHO,MIA,MIA,-4.5,MIA,4.5,0.511978494772183,-1,0.91,PHO,21,0,0,1,-2.835230632563082,1,2,0.4588430040548247,0.4834299431969794,0.5168668397501448,0,0
030922PORUTA,POR,UTA,UTA,-19,UTA,-19,0.5885013097074439,0.02857142857142857,0.91,UTA,38,1,1,1,-19.334476233810378,1,4,0.7061870718477556,0.7988923249596039,0.5879050389378755,1,0
030922TORSA,TOR,SA,TOR,-1,SA,1,0.5115046124278662,-1,0.91,TOR,15,0,1,1,-2.51806121751207,3,2,0.575558894375327,0.5317321359999363,0.4437295888387992,0,0
030922WASLAC,WAS,LAC,LAC,-4,WAS,4,0.5107787334439791,-1,0.91,LAC,6,0,1,1,-2.304010319641378,4,2,0.6642182720438831,0.5074983534393028,0.4284966939912961,1,0
031022BKNPHI,BKN,PHI,PHI,-4.5,PHI,-4.5,0.5360940090405861,-1,-1,BKN,29,0,0,0,-8.500668016720539,3,3,0.4484308278299728,0.5353726306491635,0.6537472963989748,0,0
031022GSDEN,GS,DEN,GS,-1.5,DEN,1.5,0.511648766729724,-1,0.91,GS,11,0,1,1,-2.631009499187627,3,2,0.4930340471667358,0.47350860091905156,0.6445788827484478,0,1
031122CHANO,CHA,NO,CHA,-2.5,CHA,-2.5,0.5226594525805145,0.704225352112676,0.91,CHA,22,1,1,1,-5.03744777689667,2,2,0.47237939369814697,0.6770033561674699,0.45140327991654217,0,0
031122CLEMIA,CLE,MIA,MIA,-7.5,MIA,7.5,0.5319970372878711,0.3333333333333333,-1,MIA,12,1,1,0,-7.41815251233605,1,3,0.568679252517969,0.5005191035433725,0.6077195208339781,1,0
031122DALHOU,DAL,HOU,DAL,-10.5,DAL,-10.5,0.5906090598357269,0.18181818181818182,0.91,DAL,13,1,1,1,-18.99259398433017,5,4,0.6167866459405944,0.6342834421033873,0.9268815953620021,0,0
031122DETBOS,DET,BOS,BOS,-14.5,BOS,-14.5,0.5885813160867568,0.0625,-1,BOS,11,1,1,0,-20.147310782539677,4,4,0.8337122782485085,0.6775082954170648,0.6202790246425987,1,0
031122LACATL,LAC,ATL,ATL,-7,ATL,-7,0.5391521004456734,0.3448275862068966,-1,ATL,6,1,1,0,-8.846776952143813,2,3,0.7413087982438515,0.5883734723913031,0.4828820403502433,1,0
031122MINORL,MIN,ORL,MIN,-8,MIN,-8,0.5437565244249063,-1,-1,ORL,8,0,0,0,-9.730831460879585,2,3,0.8621783055129824,0.46075597475113883,0.6864697298131284,1,0
031122NYMEM,NY,MEM,MEM,-9.5,MEM,-9.5,0.5701726491485666,0.2222222222222222,-1,MEM,4,1,1,0,-15.806697470538154,4,4,0.7124551973791982,0.5641330839037726,0.6929236175238771,1,0
031122TORPHO,TOR,PHO,PHO,-5,PHO,-5,0.5436302749999646,-1,-1,TOR,5,0,0,0,-10.219351042183789,4,3,0.6522843668710989,0.48624943806046583,0.6477159369778738,0,0
031122UTASA,UTA,SA,UTA,-6,UTA,-6,0.5336049605846095,-1,-1,SA,2,0,0,0,-7.59739280344678,2,3,0.5868306813411874,0.5136906249002823,0.6794745172425386,1,0
031122WASLAL,WAS,LAL,LAL,-4.5,WAS,4.5,0.5324886271359728,-1,0.91,LAL,13,0,1,1,-6.766120162123002,5,3,0.5311928484979782,0.6412656535368968,0.5888718276889151,1,0
031222CLECHI,CLE,CHI,CHI,-5.5,CHI,5.5,0.5098251829931547,0.47619047619047616,-1,CHI,10,1,1,0,-2.1529418774036913,1,1,0.5822341581661122,0.38201167927616475,0.5202418321099062,1,0
031222INDSA,IND,SA,SA,-5.5,SA,5.5,0.5153315203624704,-1,0.91,IND,11,0,0,1,-3.2346115576836922,1,2,0.49900164501565436,0.517284762126254,0.7569704426073444,0,0
031222MILGS,MIL,GS,MIL,-1.5,MIL,-1.5,0.5274330500035836,-1,-1,GS,13,0,0,0,-6.424676017336111,3,2,0.5069004250263517,0.5495262383804573,0.6105952076100377,1,0
031222MINMIA,MIN,MIA,MIA,-6,MIA,6,0.5253838259145533,-1,0.91,MIN,9,0,0,1,-5.967011056859803,1,2,0.5256551661904734,0.5309664912264327,0.5497001834600969,0,0
031222SACUTA,SAC,UTA,UTA,-9.5,UTA,9.5,0.5359391655092901,0.20833333333333334,0.91,UTA,9,1,1,1,-7.895171871785621,1,3,0.6541545138783922,0.47744961727232704,0.7819537462485988,1,0
031222TORDEN,TOR,DEN,DEN,-6,DEN,6,0.5263169553976383,-1,0.91,TOR,12,0,0,1,-5.944759048564492,1,2,0.6140608102015512,0.4080669472797126,0.5835536762867275,0,0
031222WASPOR,WAS,POR,WAS,-6,WAS,6,0.5083345921321945,-1,0.91,POR,9,0,0,1,-1.657881930814284,1,1,0.5967692015795594,0.719562920766383,0.44677882544742453,1,0
031322DALBOS,DAL,BOS,BOS,-7,BOS,-7,0.53301378269296,-1,-1,DAL,3,0,0,0,-8.024061423305724,2,3,0.6133674969872025,0.5770274871653281,0.5111413957002581,0,-0
031322HOUNO,HOU,NO,NO,-6.5,NO,-6.5,0.5323768023577662,0.38461538461538464,0.91,NO,25,1,1,1,-6.80024407368289,1,3,0.7206960009682128,0.39240584915344423,0.7535090709468473,1,-0
031322INDATL,IND,ATL,ATL,-12,ATL,-12,0.5798032869990728,0.125,-1,ATL,3,1,1,0,-17.412271362790108,4,4,0.5336527054991235,0.570469024191389,0.8275976020667531,1,1
031322LACDET,LAC,DET,LAC,-4.5,LAC,4.5,0.5067832091107514,0.5050505050505051,0.91,LAC,4,1,1,1,-1.4503976391651747,1,1,0.64311079212623,0.5581662906538024,0.4801674829702048,0,0
031322LALPHO,LAL,PHO,PHO,-9,PHO,-9,0.6070692862536322,0.26666666666666666,0.91,PHO,29,1,1,1,-23.817387402355422,5,5,0.6590607692774165,0.6969339023302326,0.8279674079264348,1,-0
031322MEMOKC,MEM,OKC,MEM,-14,MEM,-14,0.6142464333429273,0.07407407407407407,-1,MEM,7,1,1,0,-24.93314266773112,5,5,1,0.7147716573869032,0.7517202474215293,0,0
031322NYBKN,NY,BKN,BKN,-5.5,BKN,5.5,0.5229145776062404,0.45454545454545453,0.91,BKN,3,1,1,1,-4.970897951558058,1,2,0.6236895380934726,0.49755355871439877,0.5562266684117692,1,-0
031322PHIORL,PHI,ORL,PHI,-12,PHI,-12,0.5531552225029247,0.11764705882352941,-1,PHI,2,1,1,0,-12.198184423790082,1,3,0.8037092519909732,0.6456954643710785,0.5467783481706691,0,0
