gameID,ATeam,HTeam,BookWin,BookSpread,FloWin,FloSpread,PredPD,FloProb,FloProbTeam,FloProbPlayer,FloProbSched,MLWinnings,SpreadWinnings,SpreadRank,WinRank,WTeam,PD,FloCorrect,BookCorrect,FloSpreadCorrect,FreshWin,HomeWin
031422CHAOKC,CHA,OKC,CHA,-12,CHA,-12,-21.849067550657225,0.6042152970408682,0.7053316961611685,0.8456990319951004,0.6750317997537942,0.15384615384615385,0.91,5,5,CHA,18,1,1,1,1,0
031422CHISAC,CHI,SAC,CHI,-4.5,CHI,-4.5,-8.548647013798586,0.5388459260183878,0.5669011271402515,0.5816427059101515,0.7184610129590849,-1,-1,3,3,SAC,9,0,0,0,0,0
031422DENPHI,DEN,PHI,PHI,-3.5,PHI,3.5,-2.6656346711163508,0.5113610434505937,0.5036274702020664,0.5976644336306718,0.4974422643455433,-1,0.91,1,2,DEN,4,0,0,1,-1,1
031422LACCLE,LAC,CLE,CLE,-7,CLE,-7,-8.759108608935662,0.5404492579232172,0.5301726810339837,0.6754055065878781,0.46033225880787587,0.35714285714285715,0.91,2,3,CLE,9,1,1,1,1,1
031422MILUTA,MIL,UTA,UTA,-2,MIL,2,-9.517141415727195,0.5410243876357133,0.4883444246381469,0.6899363942465346,0.5811331053678683,1.1,0.91,5,3,MIL,6,1,0,1,0,0
031422MINSA,MIN,SA,MIN,-3.5,MIN,-3.5,-7.865661365165295,0.5344386463523851,0.5147972031056356,0.4898665962257775,0.7263698723009833,0.6097560975609756,0.91,3,3,MIN,10,1,1,1,0,0
031422PORATL,POR,ATL,ATL,-14.5,ATL,-14.5,-16.53642799890764,0.5781233965311042,0.5823761859730084,0.9004538626040769,0.722948421381806,0.08333333333333333,-1,2,4,ATL,9,1,1,0,-1,1
031422TORLAL,TOR,LAL,TOR,-5.5,TOR,-5.5,-17.032695251944688,0.5819495392979669,0.5351887844279218,0.7057001019869674,0.8265379677285741,0.425531914893617,0.91,5,4,TOR,11,1,1,1,1,0
031422WASGS,WAS,GS,GS,-11,GS,11,-9.919804535787705,0.5451653569840418,0.5809403330786693,0.5460685933022107,0.7175933418982305,0.12195121951219512,-1,1,3,GS,14,1,1,0,0,1
031522BKNORL,BKN,ORL,BKN,-10,BKN,10,-0.9642553259437818,0.5043584380902679,0.6292012558298847,0.5705845534269387,0.4295142758171532,0.20833333333333334,-1,1,1,BKN,42,1,1,0,0,0
031522DETMIA,DET,MIA,MIA,-13,MIA,-13,-15.021807097727233,0.5660094651656427,0.6349728145327551,0.6756033828921091,0.6196441026673274,0.1,-1,2,4,MIA,7,1,1,0,0,1
031522MEMIND,MEM,IND,MEM,-7.5,MEM,-7.5,-12.29211365562503,0.5557775280354033,0.5846585690797511,0.6237249317979835,0.7442155168981056,0.3225806451612903,0.91,3,3,MEM,33,1,1,1,0,0
031522PHONO,PHO,NO,PHO,-6,PHO,-6,-12.322156891341365,0.5546604507564722,0.5863274577391335,0.7218828400681013,0.6228755352922773,0.4166666666666667,0.91,4,3,PHO,16,1,1,1,0,0
031622ATLCHA,ATL,CHA,ATL,-1,CHA,1,-2.2507319546277813,0.5097216079984641,0.5148585000332884,0.5983026768811064,0.415038314414347,0.9803921568627451,0.91,3,1,CHA,10,1,0,1,0,1
031622BOSGS,BOS,GS,GS,-2,BOS,2,-7.154367216914267,0.5301996273608596,0.4672397115183287,0.5935983590207973,0.6028678066847905,1.14,0.91,5,3,BOS,22,1,0,1,0,0
031622CHIUTA,CHI,UTA,UTA,-5.5,UTA,5.5,-1.9694305943584425,0.5087913962492643,0.5111453625844384,0.47543072498550343,0.5545502975062723,0.40816326530612246,-1,1,1,UTA,15,1,1,0,0,1
031622DALBKN,DAL,BKN,DAL,-2.5,DAL,-2.5,-12.0370691484556,0.5534884343496205,0.4746115695607421,0.5957986548022467,0.658120976787238,0.704225352112676,-1,5,3,DAL,2,1,1,0,1,0
031622DENWAS,DEN,WAS,DEN,-6.5,DEN,-6.5,-7.545272676760902,0.534052758082965,0.5247957315196871,0.4983653900531175,0.7403914650239075,0.36363636363636365,0.91,2,3,DEN,18,1,1,1,0,0
031622LALMIN,LAL,MIN,MIN,-9.5,MIN,-9.5,-15.857341365669427,0.572953579026102,0.5734016012374665,0.5836878821956921,0.8076393498071164,0.23255813953488372,0.91,4,4,MIN,20,1,1,1,0,1
031622MILSAC,MIL,SAC,MIL,-9,MIL,-9,-12.253095137630822,0.5531237163523408,0.5636880686766312,0.5564494734344446,0.736206004913098,0.24691358024691357,0.91,3,3,MIL,9,1,1,NA,0,0
031622OKCSA,OKC,SA,SA,-13.5,SA,-13.5,-18.329182305386325,0.5889356991247443,0.7044812402312288,0.9687319836150027,0.6258922375438631,0.10526315789473684,-1,3,4,SA,2,1,1,0,0,1
031622PHICLE,PHI,CLE,PHI,-4,PHI,-4,-6.303901583555927,0.5272916427391582,0.5442703268730412,0.5958693345173174,0.5557867505454743,0.5617977528089888,0.91,2,2,PHI,4,1,1,NA,0,0
031622PHOHOU,PHO,HOU,PHO,-11,PHO,-11,-16.734132214563772,0.5764056944373596,0.7211417812333792,0.6233354692740687,0.866153409780521,0.14285714285714285,0.91,4,4,PHO,17,1,1,1,-1,0
031622PORNY,POR,NY,NY,-12.5,NY,12.5,-9.442797595211218,0.5461365358954844,0.5048874575159128,0.858209662916038,0.5584798817917771,0.12195121951219512,-1,1,3,NY,30,1,1,0,0,1
031622TORLAC,TOR,LAC,TOR,-1.5,TOR,-1.5,-2.8990484938845498,0.5129242764090102,0.5626849661850574,0.4794053218936376,0.5894433003244287,0.847457627118644,0.91,2,2,TOR,3,1,1,1,0,0
031722DETORL,DET,ORL,ORL,-2.5,ORL,2.5,-2.1582576542299847,0.51037572601588,0.4651217227472092,0.5214448861400591,0.5315420062792012,-1,0.91,1,2,DET,14,0,0,1,0,1
031822BOSSAC,BOS,SAC,BOS,-10.5,BOS,-10.5,-19.706165874156596,0.5860075870303337,0.5826873067659006,0.7099560658349527,0.7634268703382988,0.17857142857142858,0.91,5,4,BOS,29,1,1,1,0,0
031822CHIPHO,CHI,PHO,PHO,-5.5,PHO,-5.5,-9.699704855193744,0.5419987020851595,0.5826014668097909,0.4640813542171853,0.6938009613788231,0.43478260869565216,0.91,3,3,PHO,27,1,1,1,0,1
031822DALPHI,DAL,PHI,PHI,-4.5,PHI,4.5,-2.914216589166074,0.512187505197604,0.5288873610389973,0.5863340430807695,0.44789868639195685,0.4878048780487805,-1,1,2,PHI,10,1,1,0,0,1
031822DENCLE,DEN,CLE,DEN,-2.5,DEN,-2.5,-3.857268207569092,0.5168720081376244,0.5373160061848028,0.49493806105059895,0.6057680428360637,-1,-1,2,2,CLE,3,0,0,0,0,0
031822INDHOU,IND,HOU,IND,-4,IND,-4,-4.013215116484076,0.519624924355045,0.6261567562944607,0.5871332723825209,0.5372011591234691,0.5434782608695652,-1,1,2,IND,3,1,1,0,0,0
031822LACUTA,LAC,UTA,UTA,-5.5,UTA,5.5,-3.3025568598530413,0.5150143169240997,0.5781668298787207,0.44511391674956335,0.5747917973202705,0.4444444444444444,-1,1,2,UTA,29,1,1,0,0,1
031822LALTOR,LAL,TOR,TOR,-8.5,TOR,-8.5,-17.245008029601735,0.5774249470242248,0.5379391352926629,0.6455769806027674,0.8087887252202827,-1,-1,5,4,LAL,5,0,0,0,0,1
031822MEMATL,MEM,ATL,MEM,-6,MEM,-6,-7.399569279417108,0.5317940800650469,0.5702721461659678,0.6705982422159411,0.5071234702936297,-1,-1,2,3,ATL,15,0,0,0,0,0
031822NOSA,NO,SA,SA,-1.5,SA,-1.5,-4.963620681273667,0.5226382106966003,0.5243597688449098,0.6075335805813395,0.4841161897875429,-1,-1,3,2,NO,33,0,0,0,0,1
031822OKCMIA,OKC,MIA,MIA,-14,MIA,-14,-22.745932905002945,0.6053491213962781,0.703453983949463,0.8099652967185591,0.7852138300195913,0.08333333333333333,-1,5,5,MIA,12,1,1,0,0,1
031822PORBKN,POR,BKN,BKN,-14.5,BKN,-14.5,-15.035247754267843,0.572789666579893,0.5885132719851699,0.8953321887443177,0.6698393405065035,0.07407407407407407,-1,1,4,BKN,5,1,1,0,0,1
031822WASNY,WAS,NY,NY,-6.5,NY,6.5,-3.810522827444373,0.5179940864036162,0.45583748769974697,0.47737345292983535,0.6995641603048939,0.38461538461538464,0.91,1,2,NY,3,1,1,1,0,1
031922DALCHA,DAL,CHA,CHA,-1.5,CHA,-1.5,-4.636556573220105,0.5199044014692334,0.5515322209985779,0.578356370252312,0.40476099640227503,0.8333333333333334,0.91,3,2,CHA,21,1,1,1,1,1
031922DETCLE,DET,CLE,CLE,-6.5,CLE,6.5,-6.40151531984003,0.5296179721162328,0.5727097222601403,0.6655945405777419,0.558941110503341,0.37037037037037035,0.91,1,2,CLE,4,1,1,1,-1,1
031922LALWAS,LAL,WAS,WAS,-2.5,LAL,2.5,-4.057153980572565,0.5204299419469519,0.4882642510570726,0.5702010990974575,0.7195051628345452,-1,0.91,4,2,WAS,8,0,1,1,0,0
031922MILMIN,MIL,MIN,MIL,-3,MIL,-3,-5.559711840955401,0.5235721353749591,0.47338799671692294,0.4892929,0.5043580564104942,-1,-1,2,2,MIN,19,0,0,0,0,0
032022BOSDEN,BOS,DEN,BOS,-2.5,BOS,-2.5,-5.699417155193686,0.5237979674289247,0.525665981764281,0.6021464447903557,0.5308483682660364,0.704225352112676,0.91,3,2,BOS,20,1,1,1,0,0
032022MEMHOU,MEM,HOU,MEM,-12,MEM,-12,-14.234480551866483,0.5649883375796332,0.7081763321301826,0.6059789708756308,0.7814638133747983,0.12987012987012986,0.91,2,4,MEM,24,1,1,1,0,0
032022NOATL,NO,ATL,ATL,-3,ATL,-3,-5.261188803668759,0.5237662680130248,0.4987383180825036,0.5058162582457935,0.6100642603959376,-1,-1,2,2,NO,5,0,0,0,0,1
032022OKCORL,OKC,ORL,ORL,-6,ORL,-6,-16.384448895978906,0.5814280172759965,0.5433264597719415,0.9606939452538745,0.7725044607247129,0.4166666666666667,-1,5,4,ORL,5,1,1,0,0,1
032022PHOSAC,PHO,SAC,PHO,-9,PHO,-9,-14.184642720888064,0.5626966050782982,0.6434944506898596,0.562736699442949,0.7593257634098848,0.23255813953488372,-1,4,4,PHO,3,1,1,0,0,0
032022PORIND,POR,IND,IND,-8,IND,-8,-8.244681147457399,0.5410545495530119,0.5647740897005604,0.7803414887010464,0.5165923683338103,0.30303030303030304,0.91,1,3,IND,31,1,1,1,0,1
032022SAGS,SA,GS,GS,-6.5,GS,6.5,-5.155342541069558,0.522971127606785,0.5346379871318228,0.48691095411920027,0.6263743602552334,-1,0.91,1,2,SA,2,0,0,1,0,1
032022TORPHI,TOR,PHI,PHI,-5,TOR,5,-0.9433345391220485,0.5040158548779224,0.4902151553738551,0.5608845131132464,0.4883131186202116,1.76,0.91,4,1,TOR,5,1,0,1,0,0
032022UTANY,UTA,NY,UTA,-4,UTA,4,-2.139715412580557,0.5096665868277614,0.5859044357873221,0.4878833587302303,0.5575676599104296,0.6024096385542169,-1,1,1,UTA,15,1,1,0,0,0
032122BOSOKC,BOS,OKC,BOS,-14.5,BOS,-14.5,-27.366964554612082,0.6317199015685687,0.7081614409486126,0.9535232326138579,0.9126611568957992,0.07407407407407407,-1,5,5,BOS,9,1,1,0,0,0
032122LALCLE,LAL,CLE,CLE,-5,CLE,-5,-12.572245384866108,0.557397406758696,0.5073858682920943,0.6896463356146479,0.6687011928976154,-1,-1,4,3,LAL,11,0,0,0,0,1
032122MIAPHI,MIA,PHI,MIA,-4.5,MIA,4.5,-2.362388262976623,0.5103053238265894,0.5135557577164863,0.46760123174353135,0.5306715356814926,-1,0.91,1,2,PHI,7,0,0,1,1,0
032122MINDAL,MIN,DAL,DAL,-2,DAL,2,-0.5909333865994597,0.5025270743996089,0.42894973360216204,0.6080961096605039,0.43462369267681966,0.746268656716418,-1,1,1,DAL,2,1,1,0,0,1
032122NOCHA,NO,CHA,CHA,-6,CHA,-6,-14.87266261215413,0.5657900852468439,0.5232547342587633,0.6667606001737074,0.5872331406123152,0.4,-1,5,4,CHA,3,1,1,0,1,1
032122PORDET,POR,DET,DET,-9,DET,-9,-10.62785204852193,0.5544914943104509,0.48037112974117147,0.6758306729415058,0.6966051141318281,-1,-1,2,3,POR,4,0,0,0,1,1
032122TORCHI,TOR,CHI,CHI,-4,CHI,4,-3.5598591007913853,0.5156319432724616,0.5057806876128306,0.6165586593186263,0.36493776963232327,0.5681818181818182,-1,1,2,CHI,14,1,1,0,1,1
032122UTABKN,UTA,BKN,UTA,-1.5,BKN,1.5,-0.727210710558154,0.5032190796012381,0.4827038503515353,0.47712876949445215,0.4451478537094943,1.02,0.91,2,1,BKN,8,1,0,1,1,1
032122WASHOU,WAS,HOU,WAS,-5,WAS,-5,-5.857666297437106,0.528822946352093,0.6220228575919694,0.5131116840398114,0.5913291624146015,-1,-1,1,2,HOU,18,0,0,0,1,0
032222ATLNY,ATL,NY,ATL,-1,ATL,-1,-3.3742545103320936,0.5152394855187861,0.5759401439590593,0.542583645860029,0.5503649912694022,0.9259259259259259,0.91,2,2,ATL,6,1,1,1,0,0
032222CHIMIL,CHI,MIL,MIL,-7.5,MIL,7.5,-0.7204296428710109,0.5031695555090467,0.5043427693161504,0.3190117303595841,0.5907480454946397,0.3225806451612903,-1,1,1,MIL,28,1,1,0,1,1
032222GSORL,GS,ORL,GS,-7,GS,7,-2.610705828715737,0.5118544605210278,0.6869214141981482,0.43280466857294486,0.5751443142108675,-1,0.91,1,2,ORL,4,0,0,1,0,0
032222LACDEN,LAC,DEN,DEN,-7,DEN,-7,-9.514621514414102,0.5425079095946683,0.5645448662550421,0.5439867759251983,0.6656649255738297,0.36363636363636365,0.91,2,3,DEN,12,1,1,1,0,1
032322ATLDET,ATL,DET,ATL,-5,ATL,-5,-5.573409844246925,0.5256107942407571,0.6067780261725869,0.5632946059899744,0.6924957605781312,-1,-1,1,2,DET,21,0,0,0,-1,0
032322BKNMEM,BKN,MEM,BKN,-2,MEM,2,-2.637387329128842,0.5112688392226152,0.568688305814175,0.4788674620340455,0.5256900089319106,1.08,0.91,3,2,MEM,12,1,0,1,0,1
032322GSMIA,GS,MIA,MIA,-7,MIA,7,-3.8782965825202353,0.5173789598772729,0.46762974139808744,0.44903399682222056,0.5557035124902894,-1,0.91,1,2,GS,14,0,0,1,1,1
032322HOUDAL,HOU,DAL,DAL,-10,DAL,-10,-12.348174598286903,0.5568629765183473,0.6144275804356734,0.5352151409814917,0.775751914009211,0.20408163265306123,0.91,2,3,DAL,19,1,1,1,0,1
032322NYCHA,NY,CHA,CHA,-7,CHA,-7,-17.090459428568494,0.5765036376871215,0.5968433835360809,0.6989705626888159,0.5884810185151677,-1,-1,5,4,NY,15,0,0,0,1,1
032322ORLOKC,ORL,OKC,ORL,-2.5,ORL,-2.5,-9.808069795927281,0.5501432360596333,0.5470416401450646,0.8965595066629093,0.8595358866558961,-1,-1,4,3,OKC,16,0,0,0,-1,0
032322PHILAL,PHI,LAL,PHI,-7.5,PHI,-7.5,-16.69804695071778,0.5741839964923878,0.5424192871305265,0.7483629768980348,0.7177107538759921,0.3333333333333333,-1,5,4,PHI,5,1,1,0,0,0
032322PHOMIN,PHO,MIN,PHO,-0.5,PHO,-0.5,-5.503440596681372,0.5232474891841968,0.5537485379802644,0.5932688664134359,0.5393989467239022,0.9259259259259259,0.91,4,2,PHO,9,1,1,1,0,0
032322SACIND,SAC,IND,IND,-6,IND,6,-5.197309702952481,0.5249174836675381,0.54530394708185,0.5969628362085089,0.5511197448684276,-1,0.91,1,2,SAC,1,0,0,1,0,1
032322SAPOR,SA,POR,SA,-9,SA,-9,-13.183433015641668,0.5622947926348677,0.6021659167096681,0.8016168083743994,0.6985485413612016,0.25,0.91,3,4,SA,37,1,1,1,0,0
032322UTABOS,UTA,BOS,BOS,-4.5,BOS,-4.5,-5.981827744306486,0.5255394471322266,0.5166677692504564,0.5180149010205488,0.5838455722599495,0.4878048780487805,0.91,2,2,BOS,28,1,1,1,0,1
032422CHINO,CHI,NO,NO,-2,NO,2,-1.126432250464859,0.5051075008720303,0.5035862005215719,0.529364739817433,0.47157930875057064,0.7936507936507936,-1,1,1,NO,17,1,1,0,0,1
032422CLETOR,CLE,TOR,TOR,-5.5,TOR,-5.5,-8.087696724923433,0.5350758305541788,0.5268033300875725,0.5400047966743052,0.6164249472596819,0.46511627906976744,0.91,2,3,TOR,13,1,1,1,0,1
032422INDMEM,IND,MEM,MEM,-12.5,MEM,-12.5,-13.725545353033993,0.5625690519304657,0.5865952133427512,0.5793713230848531,0.7163989260342777,0.12195121951219512,0.91,2,4,MEM,30,1,1,1,0,1
032422PHODEN,PHO,DEN,DEN,-4,PHO,4,-4.241456039958422,0.5181648861396737,0.5936752176342923,0.5248867654073083,0.6047704994687889,1.48,0.91,5,2,PHO,10,1,0,1,-1,0
032422WASMIL,WAS,MIL,MIL,-13,MIL,-13,-16.473046587006195,0.5742017006377778,0.538306183129688,0.6099449042903549,0.8530299646061202,0.10526315789473684,-1,3,4,MIL,12,1,1,0,0,1
032522DALMIN,DAL,MIN,MIN,-3.5,DAL,3.5,-0.7853277616610796,0.5033998783516969,0.4333984790811142,0.6003846138045239,0.4830397032267933,-1,0.91,3,1,MIN,21,0,1,1,0,0
032522GSATL,GS,ATL,ATL,-2.5,ATL,2.5,-0.521818145219342,0.5022853924977957,0.4510968055066319,0.5188286358013736,0.4937598029882213,0.7246376811594203,-1,1,1,ATL,11,1,1,0,0,1
032522HOUPOR,HOU,POR,HOU,-3.5,HOU,-3.5,-5.555281197650885,0.5279340231372601,0.4352051366524998,0.8885181303979994,0.5126228038898205,0.6097560975609756,0.91,2,2,HOU,19,1,1,1,0,0
032522NYMIA,NY,MIA,MIA,-8,MIA,8,-5.7924271626732775,0.5268810934414241,0.588166765158161,0.5473445269609458,0.558111331012332,-1,0.91,1,2,NY,8,0,0,1,0,1
032522PHILAC,PHI,LAC,PHI,-5,PHI,-5,-12.293483485453493,0.554046886390244,0.5729245022587864,0.6515216652719874,0.6548533746981787,0.5,0.91,4,3,PHI,25,1,1,1,0,0
032522UTACHA,UTA,CHA,UTA,-3.5,CHA,3.5,-4.46404504788525,0.5192065287716219,0.5135015784956214,0.586287125669415,0.48176379610236775,1.44,0.91,4,2,CHA,6,1,0,1,0,1
032522WASDET,WAS,DET,DET,-3.5,DET,-3.5,-7.840046683949524,0.5381103518025628,0.4257944648226374,0.5281418298667656,0.7214638084301614,-1,-1,3,3,WAS,3,0,0,0,1,1
032622BKNMIA,BKN,MIA,BKN,-2.5,BKN,2.5,-1.1530515953770646,0.5050218421140602,0.48859206710556613,0.47069360018399053,0.5229925519133372,0.704225352112676,-1,1,1,BKN,15,1,1,0,1,0
032622CHICLE,CHI,CLE,CLE,-2,CHI,2,-2.8992353278675296,0.5129174630237744,0.5361510852763947,0.5699742783853975,0.5096498863445617,1.1,0.91,3,2,CHI,4,1,0,1,0,0
032622HOUPOR,HOU,POR,HOU,-4,HOU,-4,-7.254398197529383,0.5384925990743513,0.44383979224836434,0.9511740304521425,0.622999668782382,0.5747126436781609,0.91,3,3,HOU,17,1,1,1,0,0
032622INDTOR,IND,TOR,TOR,-12,TOR,-12,-17.015864100012806,0.5751759123001942,0.5126387918365105,0.6828340903188586,0.7321492290799333,0.12195121951219512,0.91,4,4,TOR,40,1,1,1,0,1
032622MILMEM,MIL,MEM,MIL,-1,MEM,1,-1.8343054865639203,0.507792552588375,0.5685664296121,0.48945997587779,0.4963193301703739,0.9803921568627451,0.91,2,1,MEM,25,1,0,1,0,1
032622OKCDEN,OKC,DEN,DEN,-17,DEN,-17,-19.86466526573122,0.5950826968500085,0.6784282733412059,0.8987491205499987,0.7545381785869392,0.045454545454545456,-1,2,4,DEN,6,1,1,0,0,1
032622SACORL,SAC,ORL,ORL,-2.5,ORL,2.5,-1.989971386266916,0.5093870960327975,0.41520601792412737,0.5791168282665262,0.5021384515929368,-1,0.91,1,1,SAC,4,0,0,1,0,1
032622SANO,SA,NO,NO,-6,NO,6,-1.9212404816162234,0.5085287288522599,0.48203453944070507,0.504895398572613,0.5299265903218773,-1,0.91,1,1,SA,4,0,0,1,0,1
032722CHABKN,CHA,BKN,BKN,-6.5,CHA,6.5,-5.012676940707593,0.5215321193089257,0.5212197767685144,0.5224351278636716,0.5369636242046791,2.05,0.91,5,2,CHA,9,1,0,1,1,0
032722GSWAS,GS,WAS,GS,-7,GS,-7,-8.395000043392997,0.5385229534869209,0.5767338686189595,0.5746965682799875,0.722043016527109,-1,-1,2,3,WAS,8,0,0,0,0,0
032722LALNO,LAL,NO,NO,-3,LAL,3,-0.48134678597438096,0.5023036441205881,0.45866416036683033,0.6460016209768764,0.397962968283579,-1,0.91,3,1,NO,8,0,1,1,1,0
032722MINBOS,MIN,BOS,BOS,-6.5,BOS,6.5,-6.069370528084832,0.5255473561794537,0.503351115255515,0.5721779104801603,0.5416274899194455,0.38461538461538464,-1,1,2,BOS,22,1,1,0,0,1
032722NYDET,NY,DET,NY,-5,NY,5,-4.4567017188371665,0.5208813889263735,0.5351284236899319,0.5390464570145564,0.6482405060972054,0.46511627906976744,0.91,1,2,NY,2,1,1,1,0,0
032722PHIPHO,PHI,PHO,PHO,-4.5,PHO,-4.5,-4.97712770055044,0.5203470050306678,0.5806738784916861,0.5061641959975953,0.5402869829698382,0.5681818181818182,0.91,1,2,PHO,10,1,1,1,0,1
032722UTADAL,UTA,DAL,UTA,-1.5,DAL,1.5,-3.9207807419988825,0.5170523063890968,0.4563226203664428,0.5411442086416316,0.5484388305596345,1,0.91,4,2,DAL,14,1,0,1,0,1
032822ATLIND,ATL,IND,ATL,-7.5,ATL,7.5,-6.816308206572415,0.5312990911446843,0.5220239864517,0.5567845319136916,0.6856368137648812,0.3333333333333333,-1,1,3,ATL,9,1,1,0,0,0
032822BOSTOR,BOS,TOR,TOR,-4,TOR,-4,-5.189369367957269,0.5224105528679734,0.46001494252891806,0.5930994799008384,0.47958419098546534,0.5555555555555556,-1,2,2,TOR,3,1,1,0,1,1
032822CHINY,CHI,NY,CHI,-3.5,CHI,-3.5,-8.215285146376885,0.5369514521162916,0.562429536473951,0.6171229972041826,0.5019369035917852,-1,-1,3,3,NY,5,0,0,0,1,0
032822DENCHA,DEN,CHA,DEN,-3,CHA,3,-3.824811838679551,0.5165223869910183,0.5225027804256634,0.571051482980913,0.5497233750637676,-1,0.91,4,2,DEN,4,0,1,1,-1,1
032822GSMEM,GS,MEM,MEM,-10.5,MEM,-10.5,-16.412476748241247,0.5738240371817791,0.5341373251742723,0.6564550117725232,0.6721615313093772,0.18181818181818182,0.91,4,4,MEM,28,1,1,1,1,1
032822OKCPOR,OKC,POR,OKC,-2,POR,2,-1.3752952454572807,0.5073720718453265,0.5989632249373041,0.5577424102426476,0.3927516265911918,-1,0.91,3,1,OKC,3,0,1,1,0,1
032822ORLCLE,ORL,CLE,CLE,-9,CLE,9,-5.423754694882177,0.5249818938909956,0.6084187461372585,0.515751776705625,0.5896573116633828,0.2222222222222222,0.91,1,2,CLE,6,1,1,1,0,1
032822SACMIA,SAC,MIA,MIA,-12.5,MIA,12.5,-7.201573705108018,0.5330029671183765,0.5702824619971523,0.6777186968625423,0.48753901345972295,0.08695652173913043,-1,1,3,MIA,23,1,1,0,0,1
032822SAHOU,SA,HOU,SA,-7.5,SA,-7.5,-8.30696450230775,0.5379869087403042,0.6606619164502474,0.5662521554773196,0.6498002802736338,0.3125,-1,1,3,SA,3,1,1,0,0,0
032922CHIWAS,CHI,WAS,CHI,-4.5,CHI,4.5,-3.169763839930681,0.5146388938914085,0.5193646122675932,0.6391164218700981,0.5639180903854609,0.5263157894736842,-1,1,2,CHI,13,1,1,0,-1,0
032922DETBKN,DET,BKN,BKN,-14,BKN,14,-13.997603687551774,0.5633926562775979,0.6068894464659293,0.6588165392582491,0.6760422249262656,0.08333333333333333,0.91,1,4,BKN,7,1,1,1,0,1
032922LALDAL,LAL,DAL,DAL,-12,DAL,-12,-12.481024511439529,0.5562837852639724,0.5028808927599836,0.6536290815085728,0.6756517055839526,0.12987012987012986,0.91,1,3,DAL,18,1,1,1,0,1
032922MILPHI,MIL,PHI,PHI,-1,PHI,-1,-2.747229350530887,0.5115690057395226,0.5081839707946213,0.5186811865585788,0.5160976774762884,-1,-1,2,2,MIL,2,0,0,0,0,1
032922UTALAC,UTA,LAC,UTA,-2.5,UTA,2.5,-1.6310673291481521,0.5073042069264806,0.5785834530329621,0.46103094162333885,0.5928591409622365,-1,0.91,1,1,LAC,6,0,0,1,0,0
033022ATLOKC,ATL,OKC,ATL,-12.5,ATL,-12.5,-16.706704874058744,0.5796582224068131,0.6824725151935339,0.9292967756510905,0.7236494905630985,0.1111111111111111,0.91,3,4,ATL,18,1,1,1,0,0
033022CHANY,CHA,NY,CHA,-2,CHA,-2,-6.155966233157358,0.5268229931443339,0.5912059063056038,0.6291032594092123,0.5110425151104228,0.7692307692307693,0.91,3,2,CHA,11,1,1,1,0,0
033022DALCLE,DAL,CLE,DAL,-3,DAL,-3,-3.5198715608618443,0.5157851685101192,0.5089870652759761,0.6100802467495882,0.5873038298311739,0.6756756756756757,0.91,1,2,DAL,8,1,1,1,-1,0
033022DENIND,DEN,IND,DEN,-9.5,DEN,9.5,-8.590509105768518,0.5387521881201032,0.5259516295185509,0.561754326129353,0.7215777652912221,0.20833333333333334,0.91,1,3,DEN,7,1,1,1,0,0
033022MEMSA,MEM,SA,MEM,-5.5,MEM,5.5,-2.1553455593052036,0.5092882584629407,0.5555304185694477,0.46397493573282256,0.5723060307211949,0.43478260869565216,0.91,1,1,MEM,1,1,1,1,0,0
033022MIABOS,MIA,BOS,BOS,-5,BOS,5,-2.1407112119190828,0.5092826391701344,0.5265671774709166,0.37611865056283844,0.6129729203790908,-1,0.91,1,1,MIA,8,0,0,1,0,1
033022MINTOR,MIN,TOR,TOR,-3,TOR,-3,-6.395897197974506,0.5271486685028228,0.4653661268754151,0.6198348908948657,0.5180377202910579,0.6756756756756757,0.91,3,2,TOR,23,1,1,1,0,1
033022NOPOR,NO,POR,NO,-14,NO,-14,-18.641781776018547,0.5898339048382694,0.5929294382742101,0.9397402428746329,0.8919056523229443,0.08333333333333333,-1,3,4,NO,10,1,1,0,0,0
033022ORLWAS,ORL,WAS,WAS,-3,WAS,3,-0.6820773981123551,0.5033155207577876,0.6203648345532298,0.5126667457624666,0.5384299773637351,0.6578947368421053,-1,1,1,WAS,17,1,1,0,-1,1
033022PHOGS,PHO,GS,PHO,-5,PHO,-5,-13.718848184239079,0.558485305971632,0.5509685684986728,0.5947380178138658,0.7390478092731244,0.5,-1,5,3,PHO,4,1,1,0,0,0
033022SACHOU,SAC,HOU,SAC,-3,SAC,-3,-3.8517127672904508,0.5187114882180669,0.5832107618707966,0.5241548408212453,0.6242965938731112,0.6944444444444444,0.91,1,2,SAC,3,1,1,NA,0,0
033122CLEATL,CLE,ATL,ATL,-6,ATL,-6,-6.470855510293518,0.530104293071638,0.5481526734334632,0.55254993453441,0.5780218173249316,0.40816326530612246,0.91,1,3,ATL,24,1,1,1,0,1
033122LACCHI,LAC,CHI,CHI,-2.5,CHI,2.5,-1.8007966982639942,0.5080761557159753,0.564043178109894,0.49405163252751993,0.49909735420775936,0.684931506849315,-1,1,1,CHI,5,1,1,0,0,1
033122LALUTA,LAL,UTA,UTA,-13,UTA,13,-7.817172701733952,0.536161024070771,0.5456635877818107,0.6193834176915166,0.5845347823497445,0.1111111111111111,-1,1,3,UTA,13,1,1,0,0,1
033122MILBKN,MIL,BKN,BKN,-1.5,BKN,-1.5,-2.9973670953020815,0.5129513342423897,0.5010681241906492,0.6057678645793103,0.44138467905699275,-1,-1,2,2,MIL,1,0,0,0,0,1
033122PHIDET,PHI,DET,PHI,-10,PHI,-10,-15.599450009235255,0.5699547691071847,0.6067133981197451,0.7157055951547524,0.7040686987189414,-1,-1,4,4,DET,8,0,0,0,0,0
040122DALWAS,DAL,WAS,DAL,-8.5,DAL,-8.5,-9.189569831642643,0.5410517107919507,0.49419366418850336,0.6204355230685153,0.6659410577350083,-1,-1,1,3,WAS,32,0,0,0,0,0
040122DETOKC,DET,OKC,DET,-5,DET,5,-1.3638335442188918,0.506948082711791,0.5873402885249003,0.7412505499368532,0.5620537049915048,0.5,-1,1,1,DET,9,1,1,0,-1,0
040122INDBOS,IND,BOS,BOS,-14.5,BOS,14.5,-14.313108266281802,0.563314593937128,0.55734672195131,0.610159426170559,0.7258491899871601,0.07407407407407407,0.91,1,4,BOS,5,1,1,1,0,1
040122LACMIL,LAC,MIL,MIL,-7.5,MIL,-7.5,-9.655733512772542,0.5431505800531831,0.5703760814522617,0.5487002761279285,0.6372986085080095,-1,-1,2,3,LAC,34,0,0,0,0,1
040122MINDEN,MIN,DEN,DEN,-3,DEN,3,-2.4289800249061244,0.5106119949078933,0.4681925048179614,0.5290440543683572,0.5238842399963989,-1,0.91,1,2,MIN,6,0,0,1,0,1
040122NOLAL,NO,LAL,NO,-2,NO,-2,-14.096202000073276,0.5647424525745062,0.5491635779731352,0.6643839742882407,0.6685365039541852,0.7692307692307693,0.91,5,4,NO,3,1,1,1,1,0
040122PHOMEM,PHO,MEM,PHO,-7,PHO,-7,-11.033704184088236,0.5466047659266067,0.5100404698384611,0.7969399489995199,0.5433208501689099,-1,-1,3,3,MEM,8,0,0,0,0,0
040122PORSA,POR,SA,SA,-15,SA,-15,-22.657695283562447,0.6083340132183506,0.6079155085295491,0.9753939555834704,0.8755596360586856,0.07407407407407407,0.91,4,5,SA,19,1,1,1,0,1
040122SACHOU,SAC,HOU,SAC,-3,SAC,-3,-3.4763039963565063,0.5169711877255408,0.5861130786075354,0.5254167294929188,0.6135861347034733,0.684931506849315,0.91,1,2,SAC,5,1,1,1,0,0
040122TORORL,TOR,ORL,TOR,-11,TOR,-11,-16.18208205609284,0.572202467976215,0.6520107411705998,0.6865838419245697,0.7203488518040343,0.1694915254237288,0.91,4,4,TOR,13,1,1,1,0,0
040222BKNATL,BKN,ATL,BKN,-3,BKN,3,-1.0102062470818112,0.5044063250103643,0.49772554782913586,0.5967029180046013,0.46003621353021834,-1,0.91,1,1,ATL,7,0,0,1,0,0
040222CHAPHI,CHA,PHI,PHI,-5.5,CHA,5.5,-0.8501663166985054,0.5035579024330668,0.516421650868524,0.5162481374342883,0.5152212982094087,-1,0.91,4,1,PHI,30,0,1,1,0,0
040222CLENY,CLE,NY,NY,-2,NY,-2,-2.386377487245724,0.5109043610557462,0.4687697136637632,0.4675005576017036,0.5814724538424089,-1,-1,1,2,CLE,18,0,0,0,0,1
040222MIACHI,MIA,CHI,MIA,-2,MIA,2,-0.603625962838862,0.5026197139266543,0.5167349977152845,0.5181961696894295,0.5130113292139298,0.746268656716418,-1,1,1,MIA,18,1,1,0,0,0
040222UTAGS,UTA,GS,UTA,-2,UTA,-2,-2.7874025166350123,0.5124284449314717,0.4682089692394278,0.5093130868051473,0.6513563282327571,-1,-1,1,2,GS,4,0,0,0,0,0
040322DALMIL,DAL,MIL,MIL,-7,MIL,7,-4.666831650355107,0.5200240832396428,0.5359045813006578,0.5711760459684849,0.4965640742906181,-1,0.91,1,2,DAL,6,0,0,1,0,1
040322DENLAL,DEN,LAL,DEN,-2.5,DEN,-2.5,-10.002357319791827,0.5458462761614176,0.546083260687836,0.6385657661728236,0.6942387317291941,0.704225352112676,0.91,4,3,DEN,11,1,1,1,0,0
040322DETIND,DET,IND,IND,-2.5,IND,-2.5,-5.550330395965872,0.526595727891521,0.5729755629571041,0.7012160264923447,0.4168950473559202,-1,-1,3,2,DET,4,0,0,0,0,1
040322GSSAC,GS,SAC,GS,-5,GS,5,-0.23460154705159653,0.5010987919645707,0.5983580369001185,0.6737783609725901,0.40619761213246025,0.46511627906976744,-1,1,1,GS,19,1,1,0,-1,0
040322MIATOR,MIA,TOR,TOR,-3.5,TOR,-3.5,-6.366011987482949,0.5269358819174731,0.48910833714248303,0.5043015201805314,0.5564360610283565,-1,-1,2,2,MIA,5,0,0,0,1,1
040322MINHOU,MIN,HOU,MIN,-13.5,MIN,-13.5,-13.986701587158734,0.5649014409185578,0.6750854702540128,0.6706050922468422,0.7443117752311553,0.08333333333333333,-1,1,4,MIN,7,1,1,0,0,0
040322NOLAC,NO,LAC,LAC,-2.5,NO,2.5,-3.8883631185188676,0.5168486917705742,0.5708721450143274,0.5016862396457281,0.5941696931270216,-1,0.91,4,2,LAC,19,0,1,1,0,0
040322NYORL,NY,ORL,NY,-5,NY,5,-3.7868971651972743,0.5184120274494005,0.5842742444631309,0.6240724052928716,0.6476102710401065,0.5050505050505051,-1,1,2,NY,30,1,1,0,-1,0
040322PHICLE,PHI,CLE,PHI,-3.5,PHI,-3.5,-10.030827710304465,0.5451046216502304,0.5508063417793576,0.6427454225915803,0.6053892233853453,0.6172839506172839,0.91,4,3,PHI,4,1,1,1,0,0
040322PHOOKC,PHO,OKC,PHO,-14,PHO,-14,-23.41795859835517,0.6076564050537536,0.7567888299177994,0.8591401083079966,0.8122670695591422,-1,-1,5,5,OKC,21,0,0,0,0,0
040322PORSA,POR,SA,SA,-14.5,SA,-14.5,-18.94663748631747,0.5920886851765381,0.6144013726495248,0.8315887658005573,0.9237649457088286,0.07142857142857142,0.91,3,4,SA,21,1,1,1,0,1
040322WASBOS,WAS,BOS,BOS,-13.5,BOS,-13.5,-13.703945080429492,0.5599182779171522,0.5570444034816598,0.6446506810891974,0.6535128179417423,0.09090909090909091,0.91,1,3,BOS,42,1,1,1,0,1
040522ATLTOR,ATL,TOR,TOR,-4,TOR,-4,-4.783921847913234,0.5204670507540583,0.49074600561884085,0.5752096840631964,0.5186422915044092,0.6024096385542169,0.91,1,2,TOR,10,1,1,1,0,1
040522CHAMIA,CHA,MIA,MIA,-4.5,CHA,4.5,-0.14842321211628473,0.500633724912859,0.5110154018303323,0.5273416457747048,0.4915655989406341,-1,0.91,3,1,MIA,29,0,1,1,0,0
040522CLEORL,CLE,ORL,CLE,-8,CLE,8,-7.029928442756528,0.5337275604028009,0.619723783440989,0.6593351720196644,0.5968035311167758,-1,0.91,1,3,ORL,5,0,0,1,0,0
040522HOUBKN,HOU,BKN,BKN,-17,BKN,17,-15.008911245452992,0.5693386013189284,0.6444562586530974,0.7003611637693676,0.6818957676264654,0.045454545454545456,0.91,1,4,BKN,13,1,1,1,0,1
040522LALPHO,LAL,PHO,PHO,-13,PHO,-13,-17.534758442801547,0.5763346484317942,0.6234771581313758,0.6147193440789271,0.780894591395731,0.10526315789473684,-1,3,4,PHO,11,1,1,0,0,1
040522MEMUTA,MEM,UTA,UTA,-6,MEM,6,-6.929292239060231,0.5300503310192245,0.5720845526253067,0.4594127154619234,0.6870386492105938,-1,0.91,5,3,UTA,6,0,1,1,0,0
040522MILCHI,MIL,CHI,MIL,-7,MIL,7,-2.3660606541079403,0.5102322152559214,0.502905948879138,0.5471126617264134,0.5313026092272224,0.3448275862068966,-1,1,2,MIL,21,1,1,0,0,0
040522NOSAC,NO,SAC,NO,-8,NO,8,-6.713490916797298,0.5305000181391274,0.5725271102177603,0.6449513144530767,0.5654374329943346,0.2702702702702703,-1,1,3,NO,14,1,1,0,0,0
040522PHIIND,PHI,IND,PHI,-10.5,PHI,-10.5,-10.934435923740693,0.5483209650667934,0.5296071306804154,0.5766660653442801,0.7770399801832243,0.16666666666666666,-1,1,3,PHI,9,1,1,0,0,0
040522POROKC,POR,OKC,OKC,-3.5,OKC,-3.5,-7.831899196194513,0.5407737102217749,0.408377370701548,0.7998031569540119,0.8461897123475395,0.6172839506172839,0.91,3,3,OKC,4,1,1,1,0,1
040522SADEN,SA,DEN,DEN,-9,DEN,9,-3.9673261980796326,0.5173667774749918,0.48160742662884926,0.5988753820077183,0.5046534290201322,-1,0.91,1,2,SA,19,0,0,1,0,1
040522WASMIN,WAS,MIN,MIN,-11.5,MIN,11.5,-7.937234771133163,0.5356411612533937,0.5593879935775967,0.5894021703310302,0.5825321583673677,-1,0.91,1,3,WAS,18,0,0,1,0,1
040622BKNNY,BKN,NY,BKN,-4.5,BKN,4.5,-1.7267333659586086,0.5077835139372382,0.5704035490054615,0.6412527574678656,0.4862799198146438,0.5050505050505051,-1,1,1,BKN,12,1,1,0,-1,0
040622BOSCHI,BOS,CHI,BOS,-7.5,BOS,7.5,-2.155120157315338,0.5096476140211933,0.5486068792536757,0.32353473797890225,0.6115985453469279,0.3125,-1,1,1,BOS,23,1,1,0,1,0
040622DALDET,DAL,DET,DAL,-8.5,DAL,-8.5,-10.032246615827148,0.5451490929357046,0.5628562947518629,0.66983450308347,0.6253983924622395,0.25,0.91,2,3,DAL,18,1,1,1,0,0
040622OKCUTA,OKC,UTA,UTA,-17.5,UTA,17.5,-11.522194961779306,0.555724398041904,0.6859852662217791,0.7614828715319356,0.5069754583834216,0.045454545454545456,-1,1,3,UTA,36,1,1,0,0,1
040622PHOLAC,PHO,LAC,LAC,-2.5,PHO,2.5,-5.205166926256254,0.5222440349963341,0.6381804458096166,0.5726460484853598,0.5698001323417983,-1,0.91,4,2,LAC,4,0,1,1,-1,0
040622WASATL,WAS,ATL,ATL,-10.5,ATL,10.5,-7.488842892888442,0.5343442575260513,0.5254675107480213,0.5683419994477297,0.5934041726994708,0.17857142857142858,-1,1,3,ATL,15,1,1,0,0,1
040722BOSMIL,BOS,MIL,MIL,-7,BOS,7,-2.5407580537273304,0.5109227666187862,0.5394663138783752,0.58762951070787,0.5456987152016367,-1,0.91,5,2,MIL,6,0,1,1,-1,0
040722LALGS,LAL,GS,GS,-12.5,GS,12.5,-10.406919470327807,0.5488286341619929,0.583048596618175,0.6493346841555152,0.6575641621705526,0.10526315789473684,-1,1,3,GS,16,1,1,0,0,1
040722MEMDEN,MEM,DEN,DEN,-5.5,MEM,5.5,-2.270645478604621,0.5097159675374152,0.5737394501991627,0.47399073532253355,0.5561742949271473,-1,0.91,4,1,DEN,13,0,1,1,0,0
040722ORLCHA,ORL,CHA,CHA,-13.5,CHA,-13.5,-17.155141278328358,0.5786414754553825,0.6760722360193707,0.7528985856734256,0.6581123091342601,0.09090909090909091,0.91,3,4,CHA,27,1,1,1,0,1
040722PHITOR,PHI,TOR,PHI,-1.5,TOR,1.5,-1.793813819671655,0.507547812139558,0.48686411152770925,0.5065556151173801,0.5164775021938428,1.04,0.91,3,1,TOR,5,1,0,1,0,1
040722PORNO,POR,NO,NO,-16,NO,-16,-23.32695308113125,0.6121635596955308,0.604787931200149,0.935944686410176,0.9845992765562963,0.05555555555555555,0.91,4,5,NO,33,1,1,1,0,1
040722SAMIN,SA,MIN,MIN,-8,MIN,8,-1.6414757200285237,0.5073255709383858,0.511820157259677,0.6176780768677832,0.4391892300430975,0.3125,0.91,1,1,MIN,6,1,1,1,0,1
040822ATLMIA,ATL,MIA,ATL,-2,MIA,2,-3.06819462923832,0.5131552764265821,0.5046996268100004,0.5450223514979737,0.5038654680176533,1.08,0.91,4,2,MIA,4,1,0,1,0,1
040822CHACHI,CHA,CHI,CHI,-2.5,CHA,2.5,-2.318782062794128,0.5103056929724743,0.5348314588047045,0.5937427179108985,0.5479649883698609,1.2,0.91,3,2,CHA,16,1,0,1,-1,0
040822CLEBKN,CLE,BKN,BKN,-8.5,BKN,-8.5,-11.48214025809878,0.5513044555299952,0.5446193519046321,0.6262942899589535,0.6530372307977259,0.2777777777777778,0.91,2,3,BKN,11,1,1,1,0,1
040822HOUTOR,HOU,TOR,TOR,-12,TOR,-12,-14.795787489077057,0.5684942029545257,0.6383698068976594,0.6382193312253062,0.8004079241742061,0.13333333333333333,-1,2,4,TOR,2,1,1,0,-1,1
040822MILDET,MIL,DET,MIL,-10,MIL,10,-4.876024015286987,0.5222780452465982,0.5991215212845498,0.6205071819892602,0.597593789239794,0.2,-1,1,2,MIL,30,1,1,0,-1,0
040822NYWAS,NY,WAS,NY,-3.5,NY,3.5,-0.6913845186316507,0.5032320034734102,0.4503246769479115,0.5851531908760592,0.5253471349810399,0.6172839506172839,-1,1,1,NY,22,1,1,0,0,0
040822OKCLAL,OKC,LAL,LAL,-5,OKC,5,-3.238344876429494,0.5162941706701553,0.357490789557371,0.45153639428118725,0.66389085519826,-1,0.91,5,2,LAL,19,0,1,1,1,0
040822PHOUTA,PHO,UTA,UTA,-2,PHO,2,-8.693261955983559,0.5368713549354182,0.5743395180943743,0.5951652747682119,0.5910972153093509,1.1,0.91,5,3,PHO,6,1,0,1,0,0
040822PORDAL,POR,DAL,DAL,-20,DAL,-20,-28.377230007889636,0.6366918917696553,0.5691555689382917,0.8429517017659905,1.0290910719220308,0.025,0.91,5,5,DAL,50,1,1,1,1,1
040922GSSA,GS,SA,GS,-6.5,GS,6.5,-3.9981678265940843,0.5183456426119126,0.5211700036622534,0.8487124292590298,0.43299805519366924,0.37037037037037035,0.91,1,2,GS,6,1,1,1,0,0
040922INDPHI,IND,PHI,PHI,-14,PHI,14,-13.177047053662548,0.5583470957574896,0.5284994985139109,0.6036045728588313,0.7529855321709088,0.09090909090909091,0.91,1,3,PHI,13,1,1,1,0,1
040922NOMEM,NO,MEM,MEM,-6.5,MEM,6.5,-4.97409176677688,0.521274205058613,0.5629027894597863,0.5313787072901566,0.5321530215219262,0.4,-1,1,2,MEM,27,1,1,0,0,1
040922SACLAC,SAC,LAC,LAC,-11.5,LAC,-11.5,-12.966412266506921,0.5581588147859944,0.5106014636330332,0.7087524154186724,0.615735758950835,0.13333333333333333,0.91,2,3,LAC,19,1,1,1,0,1
