WTeam,WScore,LTeam,LScore,Win,Loss,GP,gameID,PD
MIL,127,BKN,104,1,0,1,202110191,23
GS,121,LAL,114,1,0,1,202110192,7
CHA,123,IND,122,1,0,1,202110201,1
DEN,110,PHO,98,1,0,1,2021102010,12
SAC,124,POR,121,1,0,1,2021102011,3
CHI,94,DET,88,1,0,1,202110202,6
NY,138,BOS,134,1,0,1,202110203,4
WAS,98,TOR,83,1,0,1,202110204,15
MEM,132,CLE,121,1,0,1,202110205,11
MIN,124,HOU,106,1,0,1,202110206,18
PHI,117,NO,97,1,0,1,202110207,20
SA,123,ORL,97,1,0,1,202110208,26
UTA,107,OKC,86,1,0,1,202110209,21
ATL,113,DAL,87,1,0,1,202110211,26
MIA,137,MIL,95,1,0,1,202110212,42
GS,115,LAC,113,1,0,1,202110213,2
CHA,123,CLE,112,1,0,1,202110221,11
UTA,110,SAC,101,1,0,1,2021102210,9
NY,121,ORL,96,1,0,1,202110222,25
WAS,135,IND,134,1,0,1,202110223,1
BKN,114,PHI,109,1,0,1,202110224,5
TOR,115,BOS,83,1,0,1,202110225,32
CHI,128,NO,112,1,0,1,202110226,16
HOU,124,OKC,91,1,0,1,202110227,33
DEN,102,SA,96,1,0,1,202110228,6
PHO,115,LAL,105,1,0,1,202110229,10
CLE,101,ATL,95,1,0,1,202110231,6
IND,102,MIA,91,1,0,1,202110232,11
DAL,103,TOR,95,1,0,1,202110233,8
CHI,97,DET,82,1,0,1,202110234,15
MIN,96,NO,89,1,0,1,202110235,7
MIL,121,SA,111,1,0,1,202110236,10
POR,134,PHO,105,1,0,1,202110237,29
MEM,120,LAC,114,1,0,1,202110238,6
CHA,111,BKN,95,1,0,1,202110241,16
ORL,110,NY,104,1,0,1,202110242,6
BOS,107,HOU,97,1,0,1,202110243,10
PHI,115,OKC,103,1,0,1,202110244,12
GS,119,SAC,107,1,0,1,202110245,12
LAL,121,MEM,118,1,0,1,202110246,3
BOS,140,CHA,129,1,0,1,202110251,11
MIL,119,IND,109,1,0,1,202110252,10
ATL,122,DET,104,1,0,1,202110253,18
BKN,104,WAS,90,1,0,1,202110254,14
MIA,107,ORL,90,1,0,1,202110255,17
CHI,111,TOR,108,1,0,1,202110256,3
NO,107,MIN,98,1,0,1,202110257,9
CLE,99,DEN,87,1,0,1,202110258,12
LAC,116,POR,86,1,0,1,202110259,30
NY,112,PHI,99,1,0,1,202110261,13
GS,106,OKC,98,1,0,1,202110262,8
DAL,116,HOU,106,1,0,1,202110263,10
LAL,125,SA,121,1,0,1,202110264,4
UTA,122,DEN,110,1,0,1,202110265,12
CHA,120,ORL,111,1,0,1,202110271,9
CLE,92,LAC,79,1,0,1,2021102710,13
WAS,116,BOS,107,1,0,1,202110272,9
MIA,106,BKN,93,1,0,1,202110273,13
TOR,118,IND,100,1,0,1,202110274,18
ATL,102,NO,99,1,0,1,202110275,3
MIN,113,MIL,108,1,0,1,202110276,5
OKC,123,LAL,115,1,0,1,202110277,8
SAC,110,PHO,107,1,0,1,202110278,3
POR,116,MEM,96,1,0,1,202110279,20
PHI,110,DET,102,1,0,1,202110281,8
WAS,122,ATL,111,1,0,1,202110282,11
NY,104,CHI,103,1,0,1,202110283,1
UTA,122,HOU,91,1,0,1,202110284,31
DAL,104,SA,99,1,0,1,202110285,5
MEM,104,GS,101,1,0,1,202110286,3
TOR,110,ORL,109,1,0,1,202110291,1
BKN,105,IND,98,1,0,1,202110292,7
MIA,114,CHA,99,1,0,1,202110293,15
SAC,113,NO,109,1,0,1,202110294,4
DEN,106,DAL,75,1,0,1,202110295,31
POR,111,LAC,92,1,0,1,202110296,19
LAL,113,CLE,101,1,0,1,202110297,12
WAS,115,BOS,112,1,0,1,202110301,3
DEN,93,MIN,91,1,0,1,2021103010,2
PHO,101,CLE,92,1,0,1,2021103011,9
DET,110,ORL,103,1,0,1,202110302,7
NY,123,NO,117,1,0,1,202110303,6
TOR,97,IND,94,1,0,1,202110304,3
PHI,122,ATL,94,1,0,1,202110305,28
CHI,107,UTA,99,1,0,1,202110306,8
MIA,129,MEM,103,1,0,1,202110307,26
SA,102,MIL,93,1,0,1,202110308,9
GS,103,OKC,82,1,0,1,202110309,21
DAL,105,SAC,99,1,0,1,202110311,6
CHA,125,POR,113,1,0,1,202110312,12
UTA,107,MIL,95,1,0,1,202110313,12
BKN,117,DET,91,1,0,1,202110314,26
LAL,95,HOU,85,1,0,1,202110315,10
CLE,113,CHA,110,1,0,1,202111011,3
IND,131,SA,118,1,0,1,202111012,13
PHI,113,POR,103,1,0,1,202111013,10
ATL,118,WAS,111,1,0,1,202111014,7
CHI,128,BOS,114,1,0,1,202111015,14
TOR,113,NY,104,1,0,1,202111016,9
MEM,106,DEN,97,1,0,1,202111017,9
ORL,115,MIN,97,1,0,1,202111018,18
LAC,99,OKC,94,1,0,1,202111019,5
MIL,117,DET,89,1,0,1,202111021,28
MIA,125,DAL,110,1,0,1,202111022,15
UTA,119,SAC,113,1,0,1,202111023,6
PHO,112,NO,100,1,0,1,202111024,12
LAL,119,HOU,117,1,0,1,202111025,2
CLE,107,POR,104,1,0,1,202111031,3
GS,114,CHA,92,1,0,1,2021110310,22
SAC,112,NO,99,1,0,1,2021110311,13
IND,111,NY,98,1,0,1,202111032,13
BOS,92,ORL,79,1,0,1,202111033,13
PHI,103,CHI,98,1,0,1,202111034,5
TOR,109,WAS,100,1,0,1,202111035,9
BKN,117,ATL,108,1,0,1,202111036,9
MEM,108,DEN,106,1,0,1,202111037,2
LAC,126,MIN,115,1,0,1,202111038,11
DAL,109,SA,108,1,0,1,202111039,1
PHI,109,DET,98,1,0,1,202111041,11
UTA,116,ATL,98,1,0,1,202111042,18
BOS,95,MIA,78,1,0,1,202111043,17
PHO,123,HOU,111,1,0,1,202111044,12
OKC,107,LAL,104,1,0,1,202111045,3
BKN,96,DET,90,1,0,1,202111051,6
SA,102,ORL,89,1,0,1,202111052,13
WAS,115,MEM,87,1,0,1,202111053,28
CLE,102,TOR,101,1,0,1,202111054,1
NY,113,MIL,98,1,0,1,202111055,15
LAC,104,MIN,84,1,0,1,202111056,20
GS,126,NO,85,1,0,1,202111057,41
POR,110,IND,106,1,0,1,202111058,4
SAC,140,CHA,110,1,0,1,202111059,30
DEN,95,HOU,94,1,0,1,202111061,1
MIA,118,UTA,115,1,0,1,202111062,3
PHI,114,CHI,105,1,0,1,202111063,9
DAL,107,BOS,104,1,0,1,202111064,3
PHO,121,ATL,117,1,0,1,202111065,4
POR,105,LAL,90,1,0,1,202111066,15
BKN,116,TOR,103,1,0,1,202111071,13
CLE,126,NY,109,1,0,1,202111072,17
ORL,107,UTA,100,1,0,1,202111073,7
WAS,101,MIL,94,1,0,1,202111074,7
IND,94,SAC,91,1,0,1,202111075,3
OKC,99,SA,94,1,0,1,202111076,5
GS,120,HOU,107,1,0,1,202111077,13
LAC,120,CHA,106,1,0,1,202111078,14
NY,103,PHI,96,1,0,1,202111081,7
CHI,118,BKN,95,1,0,1,202111082,23
MEM,125,MIN,118,1,0,1,202111083,7
DAL,108,NO,92,1,0,1,202111084,16
DEN,113,MIA,96,1,0,1,202111085,17
GS,127,ATL,113,1,0,1,202111086,14
PHO,109,SAC,104,1,0,1,202111087,5
LAL,126,CHA,123,1,0,1,202111088,3
MIL,118,PHI,109,1,0,1,202111091,9
UTA,110,ATL,98,1,0,1,202111092,12
LAC,117,POR,109,1,0,1,202111093,8
WAS,97,CLE,94,1,0,1,202111101,3
DEN,101,IND,98,1,0,1,2021111010,3
PHO,119,POR,109,1,0,1,2021111011,10
GS,123,MIN,110,1,0,1,2021111012,13
LAL,120,MIA,117,1,0,1,2021111013,3
BKN,123,ORL,90,1,0,1,202111102,33
BOS,104,TOR,88,1,0,1,202111103,16
MIL,112,NY,100,1,0,1,202111104,12
DET,112,HOU,104,1,0,1,202111105,8
CHI,117,DAL,107,1,0,1,202111106,10
CHA,118,MEM,108,1,0,1,202111107,10
OKC,108,NO,100,1,0,1,202111108,8
SA,136,SAC,117,1,0,1,202111109,19
TOR,115,PHI,109,1,0,1,202111111,6
IND,111,UTA,100,1,0,1,202111112,11
LAC,112,MIA,109,1,0,1,202111113,3
CHA,104,NY,96,1,0,1,202111121,8
GS,119,CHI,93,1,0,1,2021111210,26
MIN,107,LAL,83,1,0,1,2021111211,24
BOS,122,MIL,113,1,0,1,202111122,9
CLE,98,DET,78,1,0,1,202111123,20
POR,104,HOU,92,1,0,1,202111124,12
PHO,119,MEM,94,1,0,1,202111125,25
BKN,120,NO,112,1,0,1,202111126,8
OKC,105,SAC,103,1,0,1,202111127,2
DAL,123,SA,109,1,0,1,202111128,14
DEN,105,ATL,96,1,0,1,202111129,9
MIA,111,UTA,105,1,0,1,202111131,6
IND,118,PHI,113,1,0,1,202111132,5
WAS,104,ORL,92,1,0,1,202111133,12
NO,112,MEM,101,1,0,1,202111134,11
DET,127,TOR,121,1,0,1,202111135,6
CLE,91,BOS,89,1,0,1,202111136,2
LAC,129,MIN,102,1,0,1,202111137,27
LAL,114,SA,106,1,0,1,202111141,8
ATL,120,MIL,100,1,0,1,202111142,20
CHA,106,GS,102,1,0,1,202111143,4
PHO,115,HOU,89,1,0,1,202111144,26
BKN,120,OKC,96,1,0,1,202111145,24
DEN,124,POR,95,1,0,1,202111146,29
CHI,100,LAC,90,1,0,1,202111147,10
BOS,98,CLE,92,1,0,1,202111151,6
POR,118,TOR,113,1,0,1,2021111510,5
CHI,121,LAL,103,1,0,1,2021111511,18
SAC,129,DET,107,1,0,1,202111152,22
WAS,105,NO,100,1,0,1,202111153,5
ATL,129,ORL,111,1,0,1,202111154,18
NY,92,IND,84,1,0,1,202111155,8
DAL,111,DEN,101,1,0,1,202111156,10
MEM,136,HOU,102,1,0,1,202111157,34
PHO,99,MIN,96,1,0,1,202111158,3
MIA,103,OKC,90,1,0,1,202111159,13
GS,117,BKN,99,1,0,1,202111161,18
UTA,120,PHI,85,1,0,1,202111162,35
LAC,106,SA,92,1,0,1,202111163,14
CHA,97,WAS,87,1,0,1,202111171,10
PHO,105,DAL,98,1,0,1,2021111710,7
POR,112,CHI,107,1,0,1,2021111711,5
DET,97,IND,89,1,0,1,202111172,8
ATL,110,BOS,99,1,0,1,202111173,11
BKN,109,CLE,99,1,0,1,202111174,10
MIA,113,NO,98,1,0,1,202111175,15
ORL,104,NY,98,1,0,1,202111176,6
MIL,109,LAL,102,1,0,1,202111177,7
MIN,107,SAC,97,1,0,1,202111178,10
OKC,101,HOU,89,1,0,1,202111179,12
GS,104,CLE,89,1,0,1,202111181,15
MIA,112,WAS,97,1,0,1,202111182,15
MEM,120,LAC,108,1,0,1,202111183,12
MIN,115,SA,90,1,0,1,202111184,25
PHI,103,DEN,89,1,0,1,202111185,14
UTA,119,TOR,103,1,0,1,202111186,16
CHA,121,IND,118,1,0,1,202111191,3
GS,105,DET,102,1,0,1,202111192,3
BOS,130,LAL,108,1,0,1,202111193,22
BKN,115,ORL,113,1,0,1,202111194,2
MIL,96,OKC,89,1,0,1,202111195,7
NO,94,LAC,81,1,0,1,202111196,13
CHI,114,DEN,108,1,0,1,202111197,6
PHO,112,DAL,104,1,0,1,202111198,8
TOR,108,SAC,89,1,0,1,202111199,19
NY,106,HOU,99,1,0,1,202111201,7
IND,111,NO,94,1,0,1,202111202,17
WAS,103,MIA,100,1,0,1,202111203,3
ATL,115,CHA,105,1,0,1,202111204,10
BOS,111,OKC,105,1,0,1,202111205,6
MIL,117,ORL,108,1,0,1,202111206,9
MIN,138,MEM,95,1,0,1,202111207,43
POR,118,PHI,111,1,0,1,202111208,7
UTA,123,SAC,105,1,0,1,202111209,18
LAC,97,DAL,91,1,0,1,202111211,6
LAL,121,DET,116,1,0,1,202111212,5
CHI,109,NY,103,1,0,1,202111213,6
PHO,126,DEN,97,1,0,1,202111214,29
GS,119,TOR,104,1,0,1,202111215,15
BKN,117,CLE,112,1,0,1,202111221,5
PHI,102,SAC,94,1,0,1,2021112210,8
CHA,109,WAS,103,1,0,1,202111222,6
ATL,113,OKC,101,1,0,1,202111223,12
BOS,108,HOU,90,1,0,1,202111224,18
IND,109,CHI,77,1,0,1,202111225,32
MIL,123,ORL,92,1,0,1,202111226,31
MIN,110,NO,96,1,0,1,202111227,14
PHO,115,SA,111,1,0,1,202111228,4
MEM,119,UTA,118,1,0,1,202111229,1
MIA,100,DET,92,1,0,1,202111231,8
NY,106,LAL,100,1,0,1,202111232,6
POR,119,DEN,100,1,0,1,202111233,19
DAL,112,LAC,104,1,0,1,202111234,8
PHO,120,CLE,115,1,0,1,202111241,5
UTA,110,OKC,104,1,0,1,2021112410,6
ATL,124,SA,106,1,0,1,2021112411,18
GS,116,PHI,96,1,0,1,2021112412,20
SAC,125,POR,121,1,0,1,2021112413,4
LAL,124,IND,116,1,0,1,202111242,8
CHA,106,ORL,99,1,0,1,202111243,7
BKN,123,BOS,104,1,0,1,202111244,19
HOU,118,CHI,113,1,0,1,202111245,5
TOR,126,MEM,113,1,0,1,202111246,13
MIL,114,DET,93,1,0,1,202111247,21
MIN,113,MIA,101,1,0,1,202111248,12
NO,127,WAS,102,1,0,1,202111249,25
LAC,107,DET,96,1,0,1,202111261,11
NO,98,UTA,97,1,0,1,2021112610,1
GS,118,POR,103,1,0,1,2021112611,15
SAC,141,LAL,137,1,0,1,2021112612,4
CHA,133,MIN,115,1,0,1,202111262,18
PHO,118,NY,97,1,0,1,202111263,21
CHI,123,ORL,88,1,0,1,202111264,35
IND,114,TOR,97,1,0,1,202111265,17
ATL,132,MEM,100,1,0,1,202111266,32
WAS,101,OKC,99,1,0,1,202111267,2
SA,96,BOS,88,1,0,1,202111268,8
MIL,120,DEN,109,1,0,1,202111269,11
MIN,121,PHI,120,1,0,1,202111271,1
NY,99,ATL,90,1,0,1,202111272,9
PHO,113,BKN,107,1,0,1,202111273,6
CLE,105,ORL,92,1,0,1,202111274,13
MIA,107,CHI,104,1,0,1,202111275,3
HOU,146,CHA,143,1,0,1,202111276,3
WAS,120,DAL,114,1,0,1,202111277,6
UTA,127,NO,105,1,0,1,202111278,22
GS,105,LAC,90,1,0,1,202111281,15
MIL,118,IND,100,1,0,1,202111282,18
BOS,109,TOR,97,1,0,1,202111283,12
MEM,128,SAC,101,1,0,1,202111284,27
LAL,110,DET,106,1,0,1,202111285,4
PHI,101,ORL,96,1,0,1,202111291,5
DEN,120,MIA,111,1,0,1,202111292,9
CHI,133,CHA,119,1,0,1,202111293,14
HOU,102,OKC,89,1,0,1,202111294,13
MIN,100,IND,98,1,0,1,202111295,2
CLE,114,DAL,96,1,0,1,202111296,18
SA,116,WAS,99,1,0,1,202111297,17
UTA,129,POR,107,1,0,1,202111298,22
NO,123,LAC,104,1,0,1,202111299,19
BKN,112,NY,110,1,0,1,202111301,2
MEM,98,TOR,91,1,0,1,202111302,7
PHO,104,GS,96,1,0,1,202111303,8
POR,110,DET,92,1,0,1,202111304,18
LAL,117,SAC,92,1,0,1,202111305,25
ATL,114,IND,111,1,0,1,202112011,3
ORL,108,DEN,103,1,0,1,202112012,5
WAS,115,MIN,107,1,0,1,202112013,8
BOS,88,PHI,87,1,0,1,202112014,1
CLE,111,MIA,85,1,0,1,202112015,26
MIL,127,CHA,125,1,0,1,202112016,2
DAL,139,NO,107,1,0,1,202112017,32
HOU,114,OKC,110,1,0,1,202112018,4
SAC,124,LAC,115,1,0,1,202112019,9
CHI,119,NY,115,1,0,1,202112021,4
TOR,97,MIL,93,1,0,1,202112022,4
MEM,152,OKC,79,1,0,1,202112023,73
PHO,114,DET,103,1,0,1,202112024,11
SA,114,POR,83,1,0,1,202112025,31
MIA,113,IND,104,1,0,1,202112031,9
CLE,116,WAS,101,1,0,1,202112032,15
PHI,98,ATL,96,1,0,1,202112033,2
BKN,110,MIN,105,1,0,1,202112034,5
HOU,118,ORL,116,1,0,1,202112035,2
NO,107,DAL,91,1,0,1,202112036,16
UTA,137,BOS,130,1,0,1,202112037,7
GS,118,PHO,96,1,0,1,202112038,22
LAC,119,LAL,115,1,0,1,202112039,4
DEN,113,NY,99,1,0,1,202112041,14
CHI,111,BKN,107,1,0,1,202112042,4
MIL,124,MIA,102,1,0,1,202112043,22
MEM,97,DAL,90,1,0,1,202112044,7
SA,112,GS,107,1,0,1,202112045,5
BOS,145,POR,117,1,0,1,202112046,28
SAC,104,LAC,99,1,0,1,202112047,5
UTA,109,CLE,108,1,0,1,202112051,1
CHA,130,ATL,127,1,0,1,202112052,3
TOR,102,WAS,90,1,0,1,202112053,12
HOU,118,NO,108,1,0,1,202112054,10
PHI,127,CHA,124,1,0,1,202112061,3
LAC,102,POR,90,1,0,1,2021120610,12
OKC,114,DET,103,1,0,1,202112062,11
IND,116,WAS,110,1,0,1,202112063,6
MEM,105,MIA,90,1,0,1,202112064,15
CHI,109,DEN,97,1,0,1,202112065,12
MIL,112,CLE,104,1,0,1,202112066,8
ATL,121,MIN,110,1,0,1,202112067,11
PHO,108,SA,104,1,0,1,202112068,4
GS,126,ORL,95,1,0,1,202112069,31
BKN,102,DAL,99,1,0,1,202112071,3
NY,121,SA,109,1,0,1,202112072,12
LAL,117,BOS,102,1,0,1,202112073,15
PHI,110,CHA,106,1,0,1,202112081,4
DEN,120,NO,114,1,0,1,2021120810,6
GS,104,POR,94,1,0,1,2021120811,10
SAC,142,ORL,130,1,0,1,2021120812,12
LAC,114,BOS,111,1,0,1,2021120813,3
CLE,115,CHI,92,1,0,1,202112082,23
WAS,119,DET,116,1,0,1,202112083,3
IND,122,NY,102,1,0,1,202112084,20
MIA,113,MIL,104,1,0,1,202112085,9
OKC,110,TOR,109,1,0,1,202112086,1
HOU,114,BKN,104,1,0,1,202112087,10
DAL,104,MEM,96,1,0,1,202112088,8
UTA,136,MIN,104,1,0,1,202112089,32
UTA,118,PHI,96,1,0,1,202112091,22
MEM,108,LAL,95,1,0,1,202112092,13
SA,123,DEN,111,1,0,1,202112093,12
CHA,124,SAC,123,1,0,1,202112101,1
IND,106,DAL,93,1,0,1,202112102,13
BKN,113,ATL,105,1,0,1,202112103,8
TOR,90,NY,87,1,0,1,202112104,3
MIL,123,HOU,114,1,0,1,202112105,9
CLE,123,MIN,106,1,0,1,202112106,17
NO,109,DET,93,1,0,1,202112107,16
LAL,116,OKC,95,1,0,1,202112108,21
PHO,111,BOS,90,1,0,1,202112109,21
LAC,106,ORL,104,1,0,1,202112111,2
UTA,123,WAS,98,1,0,1,202112112,25
CLE,117,SAC,103,1,0,1,202112113,14
MIA,118,CHI,92,1,0,1,202112114,26
MEM,113,HOU,106,1,0,1,202112115,7
PHI,102,GS,93,1,0,1,202112116,9
DEN,127,SA,112,1,0,1,202112117,15
MIL,112,NY,97,1,0,1,202112121,15
BKN,116,DET,104,1,0,1,202112122,12
DAL,103,OKC,84,1,0,1,202112123,19
SA,112,NO,97,1,0,1,202112124,15
MIN,116,POR,111,1,0,1,202112125,5
LAL,106,ORL,94,1,0,1,202112126,12
CLE,105,MIA,94,1,0,1,202112131,11
GS,102,IND,100,1,0,1,202112132,2
TOR,124,SAC,101,1,0,1,202112133,23
HOU,132,ATL,126,1,0,1,202112134,6
BOS,117,MIL,103,1,0,1,202112135,14
MEM,126,PHI,91,1,0,1,202112136,35
DAL,120,CHA,96,1,0,1,202112137,24
DEN,113,WAS,107,1,0,1,202112138,6
LAC,111,PHO,95,1,0,1,202112139,16
BKN,131,TOR,129,1,0,1,202112141,2
GS,105,NY,96,1,0,1,202112142,9
PHO,111,POR,107,1,0,1,202112143,4
CLE,124,HOU,89,1,0,1,202112151,35
MEM,113,POR,103,1,0,1,2021121510,10
SAC,119,WAS,105,1,0,1,2021121511,14
ATL,111,ORL,99,1,0,1,202112152,12
MIA,101,PHI,96,1,0,1,202112153,5
LAL,107,DAL,104,1,0,1,202112154,3
MIL,114,IND,99,1,0,1,202112155,15
NO,113,OKC,110,1,0,1,202112156,3
CHA,131,SA,115,1,0,1,202112157,16
MIN,124,DEN,107,1,0,1,202112158,17
UTA,124,LAC,103,1,0,1,202112159,21
IND,122,DET,113,1,0,1,202112161,9
BKN,114,PHI,105,1,0,1,202112162,9
NY,116,HOU,103,1,0,1,202112163,13
PHO,118,WAS,98,1,0,1,202112164,20
MIA,115,ORL,105,1,0,1,202112171,10
DEN,133,ATL,115,1,0,1,202112172,18
GS,111,BOS,107,1,0,1,202112173,4
NO,116,MIL,112,1,0,1,202112174,4
SA,128,UTA,126,1,0,1,202112175,2
MIN,110,LAL,92,1,0,1,202112176,18
POR,125,CHA,116,1,0,1,202112177,9
MEM,124,SAC,105,1,0,1,202112178,19
HOU,116,DET,107,1,0,1,202112181,9
BOS,114,NY,107,1,0,1,202112182,7
ORL,100,BKN,93,1,0,1,202112183,7
TOR,119,GS,100,1,0,1,202112184,19
OKC,104,LAC,103,1,0,1,202112185,1
CLE,119,MIL,90,1,0,1,202112186,29
WAS,109,UTA,103,1,0,1,202112187,6
DET,100,MIA,90,1,0,1,202112191,10
POR,105,MEM,100,1,0,1,202112192,5
SAC,121,SA,114,1,0,1,202112193,7
CHI,115,LAL,110,1,0,1,202112194,5
MIN,111,DAL,105,1,0,1,202112195,6
PHO,137,CHA,106,1,0,1,202112196,31
PHI,108,BOS,103,1,0,1,202112201,5
CHI,133,HOU,118,1,0,1,202112202,15
OKC,102,MEM,99,1,0,1,202112203,3
UTA,112,CHA,102,1,0,1,202112204,10
GS,113,SAC,98,1,0,1,202112205,15
SA,116,LAC,92,1,0,1,202112206,24
MIA,125,IND,96,1,0,1,202112211,29
NY,105,DET,91,1,0,1,202112212,14
NO,111,POR,97,1,0,1,202112213,14
DAL,114,MIN,102,1,0,1,202112214,12
PHO,108,LAL,90,1,0,1,202112215,18
ORL,104,ATL,98,1,0,1,202112221,6
BOS,111,CLE,101,1,0,1,202112222,10
MIL,126,HOU,106,1,0,1,202112223,20
OKC,108,DEN,94,1,0,1,202112224,14
LAC,105,SAC,89,1,0,1,202112225,16
IND,118,HOU,106,1,0,1,202112231,12
GS,113,MEM,104,1,0,1,2021122310,9
SA,138,LAL,110,1,0,1,2021122311,28
NO,110,ORL,104,1,0,1,202112232,6
ATL,98,PHI,96,1,0,1,202112233,2
MIA,115,DET,112,1,0,1,202112234,3
WAS,124,NY,117,1,0,1,202112235,7
MIL,102,DAL,95,1,0,1,202112236,7
CHA,115,DEN,107,1,0,1,202112237,8
PHO,113,OKC,101,1,0,1,202112238,12
UTA,128,MIN,116,1,0,1,202112239,12
NY,101,ATL,87,1,0,1,202112251,14
MIL,117,BOS,113,1,0,1,202112252,4
GS,116,PHO,107,1,0,1,202112253,9
BKN,122,LAL,115,1,0,1,202112254,7
UTA,120,DAL,116,1,0,1,202112255,4
MIA,93,ORL,83,1,0,1,202112261,10
CLE,144,TOR,99,1,0,1,202112262,45
PHI,117,WAS,96,1,0,1,202112263,21
MEM,127,SAC,102,1,0,1,202112264,25
OKC,117,NO,112,1,0,1,202112265,5
SA,144,DET,109,1,0,1,202112266,35
CHI,113,IND,105,1,0,1,202112267,8
DEN,103,LAC,100,1,0,1,202112268,3
CHA,123,HOU,99,1,0,1,202112271,24
CHI,130,ATL,118,1,0,1,202112272,12
MIN,108,BOS,103,1,0,1,202112273,5
UTA,110,SA,104,1,0,1,202112274,6
MEM,114,PHO,113,1,0,1,202112275,1
DAL,132,POR,117,1,0,1,202112276,15
BKN,124,LAC,108,1,0,1,202112277,16
MIL,127,ORL,110,1,0,1,202112281,17
MIA,119,WAS,112,1,0,1,202112282,7
PHI,114,TOR,109,1,0,1,202112283,5
LAL,132,HOU,123,1,0,1,202112284,9
NY,96,MIN,88,1,0,1,202112285,8
NO,108,CLE,104,1,0,1,202112286,4
DEN,89,GS,86,1,0,1,202112287,3
SAC,117,OKC,111,1,0,1,202112288,6
NY,94,DET,85,1,0,1,202112291,9
CHA,116,IND,108,1,0,1,202112292,8
LAC,91,BOS,82,1,0,1,202112293,9
CHI,131,ATL,117,1,0,1,202112294,14
MEM,104,LAL,99,1,0,1,202112295,5
PHO,115,OKC,97,1,0,1,202112296,18
UTA,120,POR,105,1,0,1,202112297,15
SAC,95,DAL,94,1,0,1,202112298,1
PHI,110,BKN,102,1,0,1,202112301,8
MIL,136,ORL,118,1,0,1,202112302,18
WAS,110,CLE,93,1,0,1,202112303,17
BOS,123,PHO,108,1,0,1,202112311,15
LAL,139,POR,106,1,0,1,2021123110,33
CHI,108,IND,106,1,0,1,202112312,2
DAL,112,SAC,96,1,0,1,202112313,16
MIA,120,HOU,110,1,0,1,202112314,10
ATL,121,CLE,118,1,0,1,202112315,3
TOR,116,LAC,108,1,0,1,202112316,8
MEM,118,SA,105,1,0,1,202112317,13
OKC,95,NY,80,1,0,1,202112318,15
UTA,120,MIN,108,1,0,1,202112319,12
MIL,136,NO,113,1,0,1,202201011,23
DET,117,SA,116,1,0,1,202201012,1
CHI,120,WAS,119,1,0,1,202201013,1
LAC,120,BKN,116,1,0,1,202201014,4
DEN,124,HOU,111,1,0,1,202201015,13
GS,123,UTA,116,1,0,1,202201016,7
TOR,120,NY,105,1,0,1,202201021,15
BOS,116,ORL,111,1,0,1,202201022,5
CLE,108,IND,104,1,0,1,202201023,4
SAC,115,MIA,113,1,0,1,202201024,2
PHO,133,CHA,99,1,0,1,202201025,34
DAL,95,OKC,86,1,0,1,202201026,9
LAL,108,MIN,103,1,0,1,202201027,5
PHI,133,HOU,113,1,0,1,202201031,20
MIN,122,LAC,104,1,0,1,2022010310,18
WAS,124,CHA,121,1,0,1,202201032,3
MEM,118,BKN,104,1,0,1,202201033,14
CHI,102,ORL,98,1,0,1,202201034,4
DET,115,MIL,106,1,0,1,202201035,9
UTA,115,NO,104,1,0,1,202201036,11
DAL,103,DEN,89,1,0,1,202201037,14
GS,115,MIA,108,1,0,1,202201038,7
POR,136,ATL,131,1,0,1,202201039,5
MEM,110,CLE,106,1,0,1,202201041,4
TOR,129,SA,104,1,0,1,202201042,25
NY,104,IND,94,1,0,1,202201043,10
PHO,123,NO,110,1,0,1,202201044,13
LAL,122,SAC,114,1,0,1,202201045,8
CHA,140,DET,111,1,0,1,202201051,29
MIA,115,POR,109,1,0,1,2022010510,6
ATL,108,SAC,102,1,0,1,2022010511,6
PHI,116,ORL,106,1,0,1,202201052,10
HOU,114,WAS,111,1,0,1,202201053,3
SA,99,BOS,97,1,0,1,202201054,2
BKN,129,IND,121,1,0,1,202201055,8
DAL,99,GS,82,1,0,1,202201056,17
TOR,117,MIL,111,1,0,1,202201057,6
MIN,98,OKC,90,1,0,1,202201058,8
UTA,115,DEN,109,1,0,1,202201059,6
NY,108,BOS,105,1,0,1,202201061,3
MEM,118,DET,88,1,0,1,202201062,30
NO,101,GS,96,1,0,1,202201063,5
PHO,106,LAC,89,1,0,1,202201064,17
PHI,119,SA,100,1,0,1,202201071,19
MIL,121,BKN,109,1,0,1,202201072,12
TOR,122,UTA,108,1,0,1,202201073,14
CHI,130,WAS,122,1,0,1,202201074,8
DAL,130,HOU,106,1,0,1,202201075,24
MIN,135,OKC,105,1,0,1,202201076,30
DEN,121,SAC,111,1,0,1,202201077,10
LAL,134,ATL,118,1,0,1,202201078,16
CLE,114,POR,101,1,0,1,202201079,13
MEM,123,LAC,108,1,0,1,202201081,15
CHA,114,MIL,106,1,0,1,202201082,8
DET,97,ORL,92,1,0,1,202201083,5
IND,125,UTA,113,1,0,1,202201084,12
BOS,99,NY,75,1,0,1,202201085,24
MIA,123,PHO,100,1,0,1,202201086,23
BKN,121,SA,119,1,0,1,202201091,2
MEM,127,LAL,119,1,0,1,2022010910,8
LAC,106,ATL,93,1,0,1,202201092,13
WAS,102,ORL,100,1,0,1,202201093,2
TOR,105,NO,101,1,0,1,202201094,4
MIN,141,HOU,123,1,0,1,202201095,18
DEN,99,OKC,95,1,0,1,202201096,4
DAL,113,CHI,99,1,0,1,202201097,14
GS,96,CLE,82,1,0,1,202201098,14
POR,103,SAC,88,1,0,1,202201099,15
CHA,103,MIL,99,1,0,1,202201101,4
DET,126,UTA,116,1,0,1,202201102,10
BOS,101,IND,98,1,0,1,202201103,3
NY,111,SA,96,1,0,1,202201104,15
PHI,111,HOU,91,1,0,1,202201105,20
CLE,109,SAC,108,1,0,1,202201106,1
POR,114,BKN,108,1,0,1,202201107,6
WAS,122,OKC,118,1,0,1,202201111,4
PHO,99,TOR,95,1,0,1,202201112,4
MEM,116,GS,108,1,0,1,202201113,8
NO,128,MIN,125,1,0,1,202201114,3
CHI,133,DET,87,1,0,1,202201115,46
LAC,87,DEN,85,1,0,1,202201116,2
BOS,119,IND,100,1,0,1,202201121,19
CHA,109,PHI,98,1,0,1,202201122,11
WAS,112,ORL,106,1,0,1,202201123,6
MIA,115,ATL,91,1,0,1,202201124,24
NY,108,DAL,85,1,0,1,202201125,23
HOU,128,SA,124,1,0,1,202201126,4
CLE,111,UTA,91,1,0,1,202201127,20
BKN,138,CHI,112,1,0,1,202201128,26
SAC,125,LAL,116,1,0,1,202201129,9
MIL,118,GS,99,1,0,1,202201131,19
MEM,116,MIN,108,1,0,1,202201132,8
NO,113,LAC,89,1,0,1,202201133,24
OKC,130,BKN,109,1,0,1,202201134,21
DEN,140,POR,108,1,0,1,202201135,32
ORL,116,CHA,109,1,0,1,202201141,7
DET,103,TOR,87,1,0,1,202201142,16
PHO,112,IND,94,1,0,1,202201143,18
PHI,111,BOS,99,1,0,1,202201144,12
GS,138,CHI,96,1,0,1,202201145,42
MIA,124,ATL,118,1,0,1,202201146,6
CLE,114,SA,109,1,0,1,202201147,5
DAL,112,MEM,85,1,0,1,202201148,27
SAC,126,HOU,114,1,0,1,202201149,12
TOR,103,MIL,96,1,0,1,202201151,7
DAL,108,ORL,92,1,0,1,2022011510,16
POR,115,WAS,110,1,0,1,202201152,5
NY,117,ATL,108,1,0,1,202201153,9
BKN,120,NO,105,1,0,1,202201154,15
PHI,109,MIA,98,1,0,1,202201155,11
CLE,107,OKC,102,1,0,1,202201156,5
BOS,114,CHI,112,1,0,1,202201157,2
SA,101,LAC,94,1,0,1,202201158,7
DEN,133,LAL,96,1,0,1,202201159,37
PHO,135,DET,108,1,0,1,202201161,27
HOU,118,SAC,112,1,0,1,202201162,6
MIN,119,GS,99,1,0,1,202201163,20
UTA,125,DEN,102,1,0,1,202201164,23
BOS,104,NO,92,1,0,1,202201171,12
DAL,104,OKC,102,1,0,1,2022011710,2
PHO,121,SA,107,1,0,1,2022011711,14
LAL,101,UTA,95,1,0,1,2022011712,6
CHA,97,NY,87,1,0,1,202201172,10
WAS,117,PHI,98,1,0,1,202201173,19
CLE,114,BKN,107,1,0,1,202201174,7
MEM,119,CHI,106,1,0,1,202201175,13
LAC,139,IND,133,1,0,1,202201176,6
ATL,121,MIL,114,1,0,1,202201177,7
POR,98,ORL,88,1,0,1,202201178,10
MIA,104,TOR,99,1,0,1,202201179,5
MIN,112,NY,110,1,0,1,202201181,2
GS,102,DET,86,1,0,1,202201182,16
PHI,123,ORL,110,1,0,1,202201191,13
HOU,116,UTA,111,1,0,1,2022011910,5
DEN,130,LAC,128,1,0,1,2022011911,2
DET,133,SAC,131,1,0,1,2022011912,2
IND,111,LAL,104,1,0,1,2022011913,7
BKN,119,WAS,118,1,0,1,202201192,1
ATL,134,MIN,122,1,0,1,202201193,12
CHA,111,BOS,102,1,0,1,202201194,9
MIA,104,POR,92,1,0,1,202201195,12
CHI,117,CLE,104,1,0,1,202201196,13
MIL,126,MEM,114,1,0,1,202201197,12
DAL,102,TOR,98,1,0,1,202201198,4
SA,118,OKC,96,1,0,1,202201199,22
NO,102,NY,91,1,0,1,202201201,11
PHO,109,DAL,101,1,0,1,202201202,8
IND,121,GS,117,1,0,1,202201203,4
CHA,121,OKC,98,1,0,1,202201211,23
UTA,111,DET,101,1,0,1,2022012110,10
GS,105,HOU,103,1,0,1,2022012111,2
LAL,116,ORL,105,1,0,1,202201212,11
LAC,102,PHI,101,1,0,1,202201213,1
ATL,110,MIA,108,1,0,1,202201214,2
POR,109,BOS,105,1,0,1,202201215,4
TOR,109,WAS,105,1,0,1,202201216,4
MIL,94,CHI,90,1,0,1,202201217,4
BKN,117,SA,102,1,0,1,202201218,15
MEM,122,DEN,118,1,0,1,202201219,4
MIL,133,SAC,127,1,0,1,202201221,6
CLE,94,OKC,87,1,0,1,202201222,7
PHO,113,IND,103,1,0,1,202201223,10
NY,110,LAC,102,1,0,1,202201231,8
DEN,117,DET,111,1,0,1,2022012310,6
GS,94,UTA,92,1,0,1,2022012311,2
BOS,116,WAS,87,1,0,1,202201232,29
MIA,113,LAL,107,1,0,1,202201233,6
ORL,114,CHI,95,1,0,1,202201234,19
POR,114,TOR,105,1,0,1,202201235,9
ATL,113,CHA,91,1,0,1,202201236,22
PHI,115,SA,109,1,0,1,202201237,6
DAL,104,MEM,91,1,0,1,202201238,13
MIN,136,BKN,125,1,0,1,202201239,11
CLE,95,NY,93,1,0,1,202201241,2
NO,117,IND,113,1,0,1,202201242,4
CHI,111,OKC,110,1,0,1,202201243,1
PHO,115,UTA,109,1,0,1,202201244,6
DEN,110,DET,105,1,0,1,202201251,5
TOR,125,CHA,113,1,0,1,202201252,12
LAC,116,WAS,115,1,0,1,202201253,1
PHI,117,NO,107,1,0,1,202201254,10
BOS,128,SAC,75,1,0,1,202201255,53
LAL,106,BKN,96,1,0,1,202201256,10
SA,134,HOU,104,1,0,1,202201257,30
GS,130,DAL,92,1,0,1,202201258,38
MIN,109,POR,107,1,0,1,202201259,2
CLE,115,MIL,99,1,0,1,202201261,16
DAL,132,POR,112,1,0,1,2022012610,20
CHA,158,IND,126,1,0,1,202201262,32
LAC,111,ORL,102,1,0,1,202201263,9
ATL,121,SAC,104,1,0,1,202201264,17
MIA,110,NY,96,1,0,1,202201265,14
DEN,124,BKN,118,1,0,1,202201266,6
CHI,111,TOR,105,1,0,1,202201267,6
MEM,118,SA,110,1,0,1,202201268,8
PHO,105,UTA,97,1,0,1,202201269,8
PHI,105,LAL,87,1,0,1,202201271,18
GS,124,MIN,115,1,0,1,202201272,9
ORL,119,DET,103,1,0,1,202201281,16
PHO,134,MIN,124,1,0,1,2022012810,10
MIL,123,NY,108,1,0,1,2022012811,15
CHA,117,LAL,114,1,0,1,202201282,3
ATL,108,BOS,92,1,0,1,202201283,16
DEN,116,NO,105,1,0,1,202201284,11
MIA,121,LAC,114,1,0,1,202201285,7
POR,125,HOU,110,1,0,1,202201286,15
MEM,119,UTA,109,1,0,1,202201287,10
IND,113,OKC,110,1,0,1,202201288,3
SA,131,CHI,122,1,0,1,202201289,9
BOS,107,NO,97,1,0,1,202201291,10
DAL,132,IND,105,1,0,1,202201292,27
PHI,103,SAC,101,1,0,1,202201293,2
TOR,124,MIA,120,1,0,1,202201294,4
MEM,115,WAS,95,1,0,1,202201295,20
GS,110,BKN,106,1,0,1,202201296,4
ATL,129,LAL,121,1,0,1,202201301,8
LAC,115,CHA,90,1,0,1,202201302,25
CHI,130,POR,116,1,0,1,202201303,14
DET,115,CLE,105,1,0,1,202201304,10
ORL,110,DAL,108,1,0,1,202201305,2
DEN,136,MIL,100,1,0,1,202201306,36
MIN,126,UTA,106,1,0,1,202201307,20
PHO,115,SA,110,1,0,1,202201308,5
CLE,93,NO,90,1,0,1,202201311,3
IND,122,LAC,116,1,0,1,202201312,6
PHI,122,MEM,119,1,0,1,202201313,3
BOS,122,MIA,92,1,0,1,202201314,30
NY,116,SAC,96,1,0,1,202201315,20
TOR,106,ATL,100,1,0,1,202201316,6
GS,122,HOU,108,1,0,1,202201317,14
OKC,98,POR,81,1,0,1,202201318,17
NO,111,DET,101,1,0,1,202202011,10
MIL,112,WAS,98,1,0,1,202202012,14
TOR,110,MIA,106,1,0,1,202202013,4
CHI,126,ORL,115,1,0,1,202202014,11
MIN,130,DEN,115,1,0,1,202202015,15
GS,124,SA,120,1,0,1,202202016,4
PHO,121,BKN,111,1,0,1,202202017,10
ORL,119,IND,118,1,0,1,202202021,1
WAS,106,PHI,103,1,0,1,202202022,3
BOS,113,CHA,107,1,0,1,202202023,6
MEM,120,NY,108,1,0,1,202202024,12
HOU,115,CLE,104,1,0,1,202202025,11
OKC,120,DAL,114,1,0,1,202202026,6
UTA,108,DEN,104,1,0,1,202202027,4
SAC,112,BKN,101,1,0,1,202202028,11
LAL,99,POR,94,1,0,1,202202029,5
MIN,128,DET,117,1,0,1,202202031,11
MIA,112,SA,95,1,0,1,202202032,17
ATL,124,PHO,115,1,0,1,202202033,9
TOR,127,CHI,120,1,0,1,202202034,7
GS,126,SAC,114,1,0,1,202202035,12
LAC,111,LAL,110,1,0,1,202202036,1
CLE,102,CHA,101,1,0,1,202202041,1
BOS,102,DET,93,1,0,1,202202042,9
CHI,122,IND,115,1,0,1,202202043,7
TOR,125,ATL,114,1,0,1,202202044,11
SA,131,HOU,106,1,0,1,202202045,25
UTA,125,BKN,102,1,0,1,202202046,23
NO,113,DEN,105,1,0,1,202202047,8
DAL,107,PHI,98,1,0,1,202202048,9
OKC,96,POR,93,1,0,1,202202049,3
MEM,135,ORL,115,1,0,1,202202051,20
MIA,104,CHA,86,1,0,1,202202052,18
PHO,95,WAS,80,1,0,1,202202053,15
LAL,122,NY,115,1,0,1,202202054,7
MIL,137,POR,108,1,0,1,202202055,29
SAC,113,OKC,103,1,0,1,202202056,10
PHI,119,CHI,108,1,0,1,202202061,11
MIN,118,DET,105,1,0,1,202202062,13
DEN,124,BKN,104,1,0,1,202202063,20
CLE,98,IND,85,1,0,1,202202064,13
BOS,116,ORL,83,1,0,1,202202065,33
DAL,103,ATL,94,1,0,1,202202066,9
NO,120,HOU,107,1,0,1,202202067,13
MIL,137,LAC,113,1,0,1,202202068,24
TOR,116,CHA,101,1,0,1,202202071,15
MIA,121,WAS,100,1,0,1,202202072,21
PHO,127,CHI,124,1,0,1,202202073,3
GS,110,OKC,98,1,0,1,202202074,12
UTA,113,NY,104,1,0,1,202202075,9
PHO,114,PHI,109,1,0,1,202202081,5
MIN,134,SAC,114,1,0,1,2022020810,20
ATL,133,IND,112,1,0,1,202202082,21
BOS,126,BKN,91,1,0,1,202202083,35
MEM,135,LAC,109,1,0,1,202202084,26
NO,110,HOU,97,1,0,1,202202085,13
DAL,116,DET,86,1,0,1,202202086,30
DEN,132,NY,115,1,0,1,202202087,17
MIL,131,LAL,116,1,0,1,202202088,15
ORL,113,POR,95,1,0,1,202202089,18
CLE,105,SA,92,1,0,1,202202091,13
CHI,121,CHA,109,1,0,1,202202092,12
TOR,117,OKC,98,1,0,1,202202093,19
UTA,111,GS,85,1,0,1,202202094,26
POR,107,LAL,105,1,0,1,202202095,2
SAC,132,MIN,119,1,0,1,202202096,13
MEM,132,DET,107,1,0,1,202202101,25
WAS,113,BKN,112,1,0,1,202202102,1
MIA,112,NO,97,1,0,1,202202103,15
TOR,139,HOU,120,1,0,1,202202104,19
DAL,112,LAC,105,1,0,1,202202105,7
PHO,131,MIL,107,1,0,1,202202106,24
NY,116,GS,114,1,0,1,202202107,2
CHA,141,DET,119,1,0,1,202202111,22
CLE,120,IND,113,1,0,1,202202112,7
PHI,100,OKC,87,1,0,1,202202113,13
SA,136,ATL,121,1,0,1,202202114,15
BOS,108,DEN,102,1,0,1,202202115,6
CHI,134,MIN,122,1,0,1,202202116,12
UTA,114,ORL,99,1,0,1,202202117,15
POR,112,NY,103,1,0,1,202202121,9
GS,117,LAL,115,1,0,1,2022021210,2
PHO,132,ORL,105,1,0,1,2022021211,27
MEM,125,CHA,118,1,0,1,202202122,7
SAC,123,WAS,110,1,0,1,202202123,13
SA,124,NO,114,1,0,1,202202124,10
PHI,103,CLE,93,1,0,1,202202125,10
DEN,110,TOR,109,1,0,1,202202126,1
MIA,115,BKN,111,1,0,1,202202127,4
CHI,106,OKC,101,1,0,1,202202128,5
LAC,99,DAL,97,1,0,1,202202129,2
BOS,105,ATL,95,1,0,1,202202131,10
MIN,129,IND,120,1,0,1,202202132,9
WAS,103,DET,94,1,0,1,202202141,9
BKN,109,SAC,85,1,0,1,202202142,24
OKC,127,NY,123,1,0,1,202202143,4
CHI,120,SA,109,1,0,1,202202144,11
POR,122,MIL,107,1,0,1,202202145,15
NO,120,TOR,90,1,0,1,202202146,30
DEN,121,ORL,111,1,0,1,202202147,10
UTA,135,HOU,101,1,0,1,202202148,34
LAC,119,GS,104,1,0,1,202202149,15
ATL,124,CLE,116,1,0,1,202202151,8
DAL,107,MIA,99,1,0,1,202202152,8
BOS,135,PHI,87,1,0,1,202202153,48
MIL,128,IND,119,1,0,1,202202154,9
MIN,126,CHA,120,1,0,1,202202155,6
MEM,121,NO,109,1,0,1,202202156,12
PHO,103,LAC,96,1,0,1,202202157,7
ATL,130,ORL,109,1,0,1,202202161,21
DEN,117,GS,116,1,0,1,2022021610,1
LAL,106,UTA,101,1,0,1,2022021611,5
DET,112,BOS,111,1,0,1,202202162,1
IND,113,WAS,108,1,0,1,202202163,5
BKN,111,NY,106,1,0,1,202202164,5
CHI,125,SAC,118,1,0,1,202202165,7
POR,123,MEM,119,1,0,1,202202166,4
TOR,103,MIN,91,1,0,1,202202167,12
SA,114,OKC,106,1,0,1,202202168,8
PHO,124,HOU,121,1,0,1,202202169,3
MIA,111,CHA,107,1,0,1,202202171,4
WAS,117,BKN,103,1,0,1,202202172,14
DAL,125,NO,118,1,0,1,202202173,7
PHI,123,MIL,120,1,0,1,202202174,3
LAC,142,HOU,111,1,0,1,202202175,31
DET,106,CLE,103,1,0,1,202202241,3
BOS,129,BKN,106,1,0,1,202202242,23
CHI,112,ATL,108,1,0,1,202202243,4
MIN,119,MEM,114,1,0,1,202202244,5
PHO,124,OKC,104,1,0,1,202202245,20
GS,132,POR,95,1,0,1,202202246,37
DEN,128,SAC,110,1,0,1,202202247,18
CHA,125,TOR,93,1,0,1,202202251,32
OKC,129,IND,125,1,0,1,202202252,4
ORL,119,HOU,111,1,0,1,202202253,8
SA,157,WAS,153,1,0,1,202202254,4
MIA,115,NY,100,1,0,1,202202255,15
PHI,133,MIN,102,1,0,1,202202256,31
NO,117,PHO,102,1,0,1,202202257,15
UTA,114,DAL,109,1,0,1,202202258,5
LAC,105,LAL,102,1,0,1,202202259,3
BOS,113,DET,104,1,0,1,202202261,9
ATL,127,TOR,100,1,0,1,202202262,27
CLE,92,WAS,86,1,0,1,202202263,6
MIA,133,SA,129,1,0,1,202202264,4
MEM,116,CHI,110,1,0,1,202202265,6
BKN,126,MIL,123,1,0,1,202202266,3
DEN,115,SAC,110,1,0,1,202202267,5
PHI,125,NY,109,1,0,1,202202271,16
UTA,118,PHO,114,1,0,1,202202272,4
IND,128,BOS,107,1,0,1,202202273,21
DET,127,CHA,126,1,0,1,202202274,1
LAC,99,HOU,98,1,0,1,202202275,1
DAL,107,GS,101,1,0,1,202202276,6
DEN,124,POR,92,1,0,1,202202277,32
NO,123,LAL,95,1,0,1,202202278,28
MIN,127,CLE,122,1,0,1,202202281,5
ORL,119,IND,103,1,0,1,202202282,16
TOR,133,BKN,97,1,0,1,202202283,36
MIA,112,CHI,99,1,0,1,202202284,13
MEM,118,SA,105,1,0,1,202202285,13
MIL,130,CHA,106,1,0,1,202202286,24
SAC,131,OKC,110,1,0,1,202202287,21
WAS,116,DET,113,1,0,1,202203011,3
BOS,107,ATL,98,1,0,1,202203012,9
TOR,109,BKN,108,1,0,1,202203013,1
LAC,113,HOU,100,1,0,1,202203014,13
MIN,129,GS,114,1,0,1,202203015,15
DAL,109,LAL,104,1,0,1,202203016,5
CHA,119,CLE,98,1,0,1,202203021,21
IND,122,ORL,114,1,0,1,202203022,8
PHI,123,NY,108,1,0,1,202203023,15
UTA,132,HOU,127,1,0,1,202203024,5
MIL,120,MIA,119,1,0,1,202203025,1
NO,125,SAC,95,1,0,1,202203026,30
OKC,119,DEN,107,1,0,1,202203027,12
PHO,120,POR,90,1,0,1,202203028,30
ATL,130,CHI,124,1,0,1,202203031,6
BOS,120,MEM,107,1,0,1,202203032,13
MIA,113,BKN,107,1,0,1,202203033,6
DET,108,TOR,106,1,0,1,202203034,2
DAL,122,GS,113,1,0,1,202203035,9
SAC,115,SA,112,1,0,1,202203036,3
LAC,132,LAL,111,1,0,1,202203037,21
DET,111,IND,106,1,0,1,202203041,5
PHI,125,CLE,119,1,0,1,202203042,6
ATL,117,WAS,114,1,0,1,202203043,3
MIL,118,CHI,112,1,0,1,202203044,6
ORL,103,TOR,97,1,0,1,202203045,6
NO,124,UTA,90,1,0,1,202203046,34
MIN,138,OKC,101,1,0,1,202203047,37
DEN,116,HOU,101,1,0,1,202203048,15
PHO,115,NY,114,1,0,1,202203049,1
DAL,114,SAC,113,1,0,1,202203051,1
CHA,123,SA,117,1,0,1,202203052,6
MIA,99,PHI,82,1,0,1,202203053,17
MEM,124,ORL,96,1,0,1,202203054,28
MIN,135,POR,121,1,0,1,202203055,14
LAL,124,GS,116,1,0,1,202203056,8
BOS,126,BKN,120,1,0,1,202203061,6
MIL,132,PHO,122,1,0,1,202203062,10
WAS,133,IND,123,1,0,1,202203063,10
HOU,123,MEM,112,1,0,1,202203064,11
UTA,116,OKC,103,1,0,1,202203065,13
CLE,104,TOR,96,1,0,1,202203066,8
DEN,138,NO,130,1,0,1,202203067,8
NY,116,LAC,93,1,0,1,202203068,23
DET,113,ATL,110,1,0,1,202203071,3
PHI,121,CHI,106,1,0,1,202203072,15
MIA,123,HOU,106,1,0,1,202203073,17
MIN,124,POR,81,1,0,1,202203074,43
DAL,111,UTA,103,1,0,1,202203075,8
SA,117,LAL,110,1,0,1,202203076,7
DEN,131,GS,124,1,0,1,202203077,7
NY,131,SAC,115,1,0,1,202203078,16
BKN,132,CHA,121,1,0,1,202203081,11
CLE,127,IND,124,1,0,1,202203082,3
PHO,102,ORL,99,1,0,1,202203083,3
MEM,132,NO,111,1,0,1,202203084,21
MIL,142,OKC,115,1,0,1,202203085,27
GS,112,LAC,97,1,0,1,202203086,15
BOS,115,CHA,101,1,0,1,202203091,14
UTA,123,POR,85,1,0,1,2022030910,38
DEN,106,SAC,100,1,0,1,2022030911,6
LAC,115,WAS,109,1,0,1,2022030912,6
CHI,114,DET,108,1,0,1,202203092,6
PHO,111,MIA,90,1,0,1,202203093,21
MIL,124,ATL,115,1,0,1,202203094,9
HOU,139,LAL,130,1,0,1,202203095,9
MIN,132,OKC,102,1,0,1,202203096,30
ORL,108,NO,102,1,0,1,202203097,6
NY,107,DAL,77,1,0,1,202203098,30
TOR,119,SA,104,1,0,1,202203099,15
BKN,129,PHI,100,1,0,1,202203101,29
GS,113,DEN,102,1,0,1,202203102,11
ORL,118,MIN,110,1,0,1,202203111,8
LAL,122,WAS,109,1,0,1,2022031110,13
ATL,112,LAC,106,1,0,1,202203112,6
BOS,114,DET,103,1,0,1,202203113,11
MIA,117,CLE,105,1,0,1,202203114,12
DAL,113,HOU,100,1,0,1,202203115,13
MEM,118,NY,114,1,0,1,202203116,4
CHA,142,NO,120,1,0,1,202203117,22
SA,104,UTA,102,1,0,1,202203118,2
TOR,117,PHO,112,1,0,1,202203119,5
MIN,113,MIA,104,1,0,1,202203121,9
CHI,101,CLE,91,1,0,1,202203122,10
IND,119,SA,108,1,0,1,202203123,11
GS,122,MIL,109,1,0,1,202203124,13
TOR,127,DEN,115,1,0,1,202203125,12
UTA,134,SAC,125,1,0,1,202203126,9
POR,127,WAS,118,1,0,1,202203127,9
BKN,110,NY,107,1,0,1,202203131,3
LAC,106,DET,102,1,0,1,202203132,4
DAL,95,BOS,92,1,0,1,202203133,3
PHI,116,ORL,114,1,0,1,202203134,2
ATL,131,IND,128,1,0,1,202203135,3
NO,130,HOU,105,1,0,1,202203136,25
MEM,125,OKC,118,1,0,1,202203137,7
PHO,140,LAL,111,1,0,1,202203138,29
CLE,120,LAC,111,1,0,1,202203141,9
ATL,122,POR,113,1,0,1,202203142,9
DEN,114,PHI,110,1,0,1,202203143,4
CHA,134,OKC,116,1,0,1,202203144,18
MIN,149,SA,139,1,0,1,202203145,10
GS,126,WAS,112,1,0,1,202203146,14
SAC,112,CHI,103,1,0,1,202203147,9
MIL,117,UTA,111,1,0,1,202203148,6
TOR,114,LAL,103,1,0,1,202203149,11
MEM,135,IND,102,1,0,1,202203151,33
BKN,150,ORL,108,1,0,1,202203152,42
MIA,105,DET,98,1,0,1,202203153,7
PHO,131,NO,115,1,0,1,202203154,16
CHA,116,ATL,106,1,0,1,202203161,10
BOS,110,GS,88,1,0,1,2022031610,22
MIL,135,SAC,126,1,0,1,2022031611,9
TOR,103,LAC,100,1,0,1,2022031612,3
PHI,118,CLE,114,1,0,1,202203162,4
DEN,127,WAS,109,1,0,1,202203163,18
DAL,113,BKN,111,1,0,1,202203164,2
NY,128,POR,98,1,0,1,202203165,30
PHO,129,HOU,112,1,0,1,202203166,17
MIN,124,LAL,104,1,0,1,202203167,20
SA,122,OKC,120,1,0,1,202203168,2
UTA,125,CHI,110,1,0,1,202203169,15
DET,134,ORL,120,1,0,1,202203171,14
PHI,111,DAL,101,1,0,1,202203181,10
UTA,121,LAC,92,1,0,1,2022031810,29
BOS,126,SAC,97,1,0,1,2022031811,29
PHO,129,CHI,102,1,0,1,2022031812,27
NY,100,WAS,97,1,0,1,202203182,3
LAL,128,TOR,123,1,0,1,202203183,5
ATL,120,MEM,105,1,0,1,202203184,15
BKN,128,POR,123,1,0,1,202203185,5
CLE,119,DEN,116,1,0,1,202203186,3
MIA,120,OKC,108,1,0,1,202203187,12
IND,121,HOU,118,1,0,1,202203188,3
NO,124,SA,91,1,0,1,202203189,33
MIN,138,MIL,119,1,0,1,202203191,19
CHA,129,DAL,108,1,0,1,202203192,21
CLE,113,DET,109,1,0,1,202203193,4
WAS,127,LAL,119,1,0,1,202203194,8
IND,129,POR,98,1,0,1,202203201,31
MEM,122,HOU,98,1,0,1,202203202,24
NO,117,ATL,112,1,0,1,202203203,5
ORL,90,OKC,85,1,0,1,202203204,5
PHO,127,SAC,124,1,0,1,202203205,3
UTA,108,NY,93,1,0,1,202203206,15
BOS,124,DEN,104,1,0,1,202203207,20
TOR,93,PHI,88,1,0,1,202203208,5
SA,110,GS,108,1,0,1,202203209,2
CHA,106,NO,103,1,0,1,202203211,3
LAL,131,CLE,120,1,0,1,202203212,11
POR,119,DET,115,1,0,1,202203213,4
PHI,113,MIA,106,1,0,1,202203214,7
BKN,114,UTA,106,1,0,1,202203215,8
CHI,113,TOR,99,1,0,1,202203216,14
HOU,115,WAS,97,1,0,1,202203217,18
BOS,132,OKC,123,1,0,1,202203218,9
DAL,110,MIN,108,1,0,1,202203219,2
ORL,94,GS,90,1,0,1,202203221,4
ATL,117,NY,111,1,0,1,202203222,6
MIL,126,CHI,98,1,0,1,202203223,28
DEN,127,LAC,115,1,0,1,202203224,12
NY,121,CHA,106,1,0,1,202203231,15
PHI,126,LAL,121,1,0,1,2022032310,5
SA,133,POR,96,1,0,1,2022032311,37
DET,122,ATL,101,1,0,1,202203232,21
SAC,110,IND,109,1,0,1,202203233,1
BOS,125,UTA,97,1,0,1,202203234,28
GS,118,MIA,104,1,0,1,202203235,14
MEM,132,BKN,120,1,0,1,202203236,12
PHO,125,MIN,116,1,0,1,202203237,9
OKC,118,ORL,102,1,0,1,202203238,16
DAL,110,HOU,91,1,0,1,202203239,19
TOR,117,CLE,104,1,0,1,202203241,13
MEM,133,IND,103,1,0,1,202203242,30
MIL,114,WAS,102,1,0,1,202203243,12
NO,126,CHI,109,1,0,1,202203244,17
PHO,140,DEN,130,1,0,1,202203245,10
CHA,107,UTA,101,1,0,1,202203251,6
WAS,100,DET,97,1,0,1,202203252,3
ATL,121,GS,110,1,0,1,202203253,11
NY,111,MIA,103,1,0,1,202203254,8
MIN,116,DAL,95,1,0,1,202203255,21
HOU,125,POR,106,1,0,1,202203256,19
PHI,122,LAC,97,1,0,1,202203257,25
SA,107,NO,103,1,0,1,202203261,4
SAC,114,ORL,110,1,0,1,202203262,4
TOR,131,IND,91,1,0,1,202203263,40
CHI,98,CLE,94,1,0,1,202203264,4
BKN,110,MIA,95,1,0,1,202203265,15
MEM,127,MIL,102,1,0,1,202203266,25
DEN,113,OKC,107,1,0,1,202203267,6
HOU,115,POR,98,1,0,1,202203268,17
NY,104,DET,102,1,0,1,202203271,2
BOS,134,MIN,112,1,0,1,202203272,22
WAS,123,GS,115,1,0,1,202203273,8
PHO,114,PHI,104,1,0,1,202203274,10
NO,116,LAL,108,1,0,1,202203275,8
CHA,119,BKN,110,1,0,1,202203276,9
DAL,114,UTA,100,1,0,1,202203277,14
DEN,113,CHA,109,1,0,1,202203281,4
CLE,107,ORL,101,1,0,1,202203282,6
ATL,132,IND,123,1,0,1,202203283,9
MIA,123,SAC,100,1,0,1,202203284,23
NY,109,CHI,104,1,0,1,202203285,5
TOR,115,BOS,112,1,0,1,202203286,3
SA,123,HOU,120,1,0,1,202203287,3
MEM,123,GS,95,1,0,1,202203288,28
OKC,134,POR,131,1,0,1,202203289,3
MIL,118,PHI,116,1,0,1,202203291,2
CHI,107,WAS,94,1,0,1,202203292,13
BKN,130,DET,123,1,0,1,202203293,7
DAL,128,LAL,110,1,0,1,202203294,18
LAC,121,UTA,115,1,0,1,202203295,6
DAL,120,CLE,112,1,0,1,202203301,8
PHO,107,GS,103,1,0,1,2022033010,4
NO,117,POR,107,1,0,1,2022033011,10
DEN,125,IND,118,1,0,1,202203302,7
WAS,127,ORL,110,1,0,1,202203303,17
MIA,106,BOS,98,1,0,1,202203304,8
CHA,125,NY,114,1,0,1,202203305,11
TOR,125,MIN,102,1,0,1,202203306,23
SAC,121,HOU,118,1,0,1,202203307,3
ATL,136,OKC,118,1,0,1,202203308,18
MEM,112,SA,111,1,0,1,202203309,1
DET,102,PHI,94,1,0,1,202203311,8
MIL,120,BKN,119,1,0,1,202203312,1
ATL,131,CLE,107,1,0,1,202203313,24
CHI,135,LAC,130,1,0,1,202203314,5
UTA,122,LAL,109,1,0,1,202203315,13
TOR,102,ORL,89,1,0,1,202204011,13
NO,114,LAL,111,1,0,1,2022040110,3
WAS,135,DAL,103,1,0,1,202204012,32
BOS,128,IND,123,1,0,1,202204013,5
SAC,122,HOU,117,1,0,1,202204014,5
MEM,122,PHO,114,1,0,1,202204015,8
LAC,153,MIL,119,1,0,1,202204016,34
DET,110,OKC,101,1,0,1,202204017,9
SA,130,POR,111,1,0,1,202204018,19
MIN,136,DEN,130,1,0,1,202204019,6
PHI,144,CHA,114,1,0,1,202204021,30
CLE,119,NY,101,1,0,1,202204022,18
ATL,122,BKN,115,1,0,1,202204023,7
MIA,127,CHI,109,1,0,1,202204024,18
GS,111,UTA,107,1,0,1,202204025,4
BOS,144,WAS,102,1,0,1,202204031,42
SA,113,POR,92,1,0,1,2022040310,21
GS,109,SAC,90,1,0,1,2022040311,19
LAC,119,NO,100,1,0,1,2022040312,19
DAL,118,MIL,112,1,0,1,202204032,6
DEN,129,LAL,118,1,0,1,202204033,11
DET,121,IND,117,1,0,1,202204034,4
PHI,112,CLE,108,1,0,1,202204035,4
NY,118,ORL,88,1,0,1,202204036,30
MIA,114,TOR,109,1,0,1,202204037,5
MIN,139,HOU,132,1,0,1,202204038,7
OKC,117,PHO,96,1,0,1,202204039,21
PHI,131,IND,122,1,0,1,202204051,9
UTA,121,MEM,115,1,0,1,2022040510,6
NO,123,SAC,109,1,0,1,2022040511,14
PHO,121,LAL,110,1,0,1,2022040512,11
ORL,120,CLE,115,1,0,1,202204052,5
BKN,118,HOU,105,1,0,1,202204053,13
MIA,144,CHA,115,1,0,1,202204054,29
TOR,118,ATL,108,1,0,1,202204055,10
MIL,127,CHI,106,1,0,1,202204056,21
WAS,132,MIN,114,1,0,1,202204057,18
OKC,98,POR,94,1,0,1,202204058,4
SA,116,DEN,97,1,0,1,202204059,19
DAL,131,DET,113,1,0,1,202204061,18
BKN,110,NY,98,1,0,1,202204062,12
ATL,118,WAS,103,1,0,1,202204063,15
BOS,117,CHI,94,1,0,1,202204064,23
UTA,137,OKC,101,1,0,1,202204065,36
LAC,113,PHO,109,1,0,1,202204066,4
CHA,128,ORL,101,1,0,1,202204071,27
TOR,119,PHI,114,1,0,1,202204072,5
MIL,127,BOS,121,1,0,1,202204073,6
MIN,127,SA,121,1,0,1,202204074,6
NO,127,POR,94,1,0,1,202204075,33
DEN,122,MEM,109,1,0,1,202204076,13
GS,128,LAL,112,1,0,1,202204077,16
MIL,131,DET,101,1,0,1,202204081,30
NY,114,WAS,92,1,0,1,202204082,22
BKN,118,CLE,107,1,0,1,202204083,11
TOR,117,HOU,115,1,0,1,202204084,2
MIA,113,ATL,109,1,0,1,202204085,4
CHA,133,CHI,117,1,0,1,202204086,16
DAL,128,POR,78,1,0,1,202204087,50
PHO,111,UTA,105,1,0,1,202204088,6
LAL,120,OKC,101,1,0,1,202204089,19
PHI,133,IND,120,1,0,1,202204091,13
MEM,141,NO,114,1,0,1,202204092,27
GS,100,SA,94,1,0,1,202204093,6
LAC,117,SAC,98,1,0,1,202204094,19
BKN,115,CLE,108,1,0,1,202204121,7
MIN,109,LAC,104,1,0,1,202204122,5
ATL,107,CLE,101,1,0,1,202204151,6
NO,105,LAC,101,1,0,1,202204152,4
UTA,99,DAL,93,1,0,1,202204161,6
MIN,130,MEM,117,1,0,1,202204162,13
PHI,131,TOR,111,1,0,1,202204163,20
GS,123,DEN,107,1,0,1,202204164,16
MIA,115,ATL,91,1,0,1,202204171,24
BOS,115,BKN,114,1,0,1,202204172,1
MIL,93,CHI,86,1,0,1,202204173,7
PHO,110,NO,99,1,0,1,202204174,11
PHI,112,TOR,97,1,0,1,202204181,15
DAL,110,UTA,104,1,0,1,202204182,6
GS,126,DEN,106,1,0,1,202204183,20
MIA,115,ATL,105,1,0,1,202204191,10
MEM,124,MIN,96,1,0,1,202204192,28
NO,125,PHO,114,1,0,1,202204193,11
BOS,114,BKN,107,1,0,1,202204201,7
PHI,104,TOR,101,1,0,1,202204202,3
CHI,114,MIL,110,1,0,1,202204203,4
MEM,104,MIN,95,1,0,1,202204211,9
DAL,126,UTA,118,1,0,1,202204212,8
GS,118,DEN,113,1,0,1,202204213,5
ATL,111,MIA,110,1,0,1,202204221,1
MIL,111,CHI,81,1,0,1,202204222,30
PHO,114,NO,111,1,0,1,202204223,3
TOR,110,PHI,102,1,0,1,202204231,8
UTA,100,DAL,99,1,0,1,202204232,1
BOS,109,BKN,103,1,0,1,202204233,6
MIN,119,MEM,118,1,0,1,202204234,1
MIL,119,CHI,95,1,0,1,202204241,24
DEN,126,GS,121,1,0,1,202204242,5
MIA,110,ATL,86,1,0,1,202204243,24
NO,118,PHO,103,1,0,1,202204244,15
BOS,116,BKN,112,1,0,1,202204251,4
TOR,103,PHI,88,1,0,1,202204252,15
DAL,102,UTA,77,1,0,1,202204253,25
MIA,97,ATL,94,1,0,1,202204261,3
MEM,111,MIN,109,1,0,1,202204262,2
PHO,112,NO,97,1,0,1,202204263,15
MIL,116,CHI,100,1,0,1,202204271,16
GS,102,DEN,98,1,0,1,202204272,4
PHI,132,TOR,97,1,0,1,202204281,35
PHO,115,NO,109,1,0,1,202204282,6
DAL,98,UTA,96,1,0,1,202204283,2
MEM,114,MIN,106,1,0,1,202204291,8
MIL,101,BOS,89,1,0,1,202205011,12
GS,117,MEM,116,1,0,1,202205012,1
MIA,106,PHI,92,1,0,1,202205021,14
PHO,121,DAL,114,1,0,1,202205022,7
BOS,109,MIL,86,1,0,1,202205031,23
MEM,106,GS,101,1,0,1,202205032,5
MIA,119,PHI,103,1,0,1,202205041,16
PHO,129,DAL,109,1,0,1,202205042,20
PHI,99,MIA,79,1,0,1,202205061,20
DAL,103,PHO,94,1,0,1,202205062,9
MIL,103,BOS,101,1,0,1,202205071,2
GS,142,MEM,112,1,0,1,202205072,30
DAL,111,PHO,101,1,0,1,202205081,10
PHI,116,MIA,108,1,0,1,202205082,8
BOS,116,MIL,108,1,0,1,202205091,8
GS,101,MEM,98,1,0,1,202205092,3
MIA,120,PHI,85,1,0,1,202205101,35
PHO,110,DAL,80,1,0,1,202205102,30
MIL,110,BOS,107,1,0,1,202205111,3
MEM,134,GS,95,1,0,1,202205112,39
MIA,99,PHI,90,1,0,1,202205121,9
DAL,113,PHO,86,1,0,1,202205122,27
BOS,108,MIL,95,1,0,1,202205131,13
GS,110,MEM,96,1,0,1,202205132,14
BOS,109,MIL,81,1,0,1,202205151,28
DAL,123,PHO,90,1,0,1,202205152,33
MIA,118,BOS,107,1,0,1,202205171,11
GS,112,DAL,87,1,0,1,202205181,25
BOS,127,MIA,102,1,0,1,202205191,25
GS,126,DAL,117,1,0,1,202205201,9
MIA,109,BOS,103,1,0,1,202205211,6
GS,109,DAL,100,1,0,1,202205221,9
BOS,102,MIA,82,1,0,1,202205231,20
DAL,119,GS,109,1,0,1,202205241,10
BOS,93,MIA,80,1,0,1,202205251,13
GS,120,DAL,110,1,0,1,202205261,10
MIA,111,BOS,103,1,0,1,202205271,8
BOS,100,MIA,96,1,0,1,202205291,4
BOS,120,GS,108,1,0,1,202206021,12
GS,107,BOS,88,1,0,1,202206051,19
BOS,116,GS,100,1,0,1,202206081,16
GS,107,BOS,97,1,0,1,202206101,10
GS,104,BOS,94,1,0,1,202206131,10
GS,103,BOS,90,1,0,1,202206161,13
