Tm,yearID,FSPlayPred,LYFS,LYWP,Draft,predWP
ATL,2023,0.8007742270205731,0.5400462848147974,0.524390243902439,15,0.5750210511774587
BOS,2023,1.3207851967581776,0.7487531958044485,0.6219512195121951,24,0.679912951285598
BRK,2023,0.18999932053422017,0.5458927949865646,0.5365853658536586,16,0.5296245865460092
CHI,2023,0.4633075607894115,0.4830637435224983,0.5609756097560976,19,0.5272971309699939
CHA,2023,0.41277126045096285,0.5242957603273565,0.524390243902439,14,0.5406197447510709
CLE,2023,0.34869899052407827,0.561022898457799,0.5365853658536586,17,0.5462668471603445
DAL,2023,-0.8150828946842036,0.5759005814538801,0.6341463414634146,26,0.45650425159227326
DEN,2023,0.5049698842385422,0.5565255919398986,0.5853658536585366,20,0.5547831512987234
DET,2023,-1.649835100543063,0.2856563669131728,0.2804878048780488,3,0.3087910402757368
GSW,2023,0.2686278072982081,0.6863464302872162,0.6463414634146342,27,0.5762917397325608
HOU,2023,-2.305531209240989,0.20749157015834702,0.24390243902439024,1,0.23335577968361695
IND,2023,-0.2699998106680179,0.40275504203910306,0.3048780487804878,5,0.4528602470202423
LAC,2023,-0.3553958606934839,0.4805850959294451,0.5121951219512195,13,0.46763370416563915
LAL,2023,0.8779091325524249,0.3975937294158878,0.4024390243902439,8,0.5370406288033949
MEM,2023,1.902010183358637,0.6786731902232247,0.6829268292682927,29,0.6974112539626544
MIA,2023,0.33595386601197336,0.6345906298122318,0.6463414634146342,28,0.5632369864879969
MIL,2023,-0.008820092545661526,0.579829735429578,0.6219512195121951,23,0.5214572233879495
MIN,2023,0.6237975329649841,0.5521302460489519,0.5609756097560976,18,0.5636625827916153
NOP,2023,0.7552031047787621,0.49737178175942776,0.43902439024390244,11,0.559602992677622
NYK,2023,0.3613660452138391,0.47309344722050706,0.45121951219512196,12,0.5205828531264723
OKC,2023,-1.6003907305922886,0.2440080681177475,0.2926829268292683,4,0.2977987770374594
ORL,2023,-1.4861453160958484,0.2640326171087102,0.2682926829268293,2,0.31461680242774176
PHI,2023,1.6636778539187966,0.5781006649340146,0.6219512195121951,25,0.6475879619037299
PHO,2023,0.9996433475160353,0.7694122814326069,0.7804878048780488,30,0.6585159966503574
POR,2023,-0.5453362172131045,0.23664049822117622,0.32926829268292684,6,0.37476296130251124
SAC,2023,-0.8948853678100394,0.3441242962792144,0.36585365853658536,7,0.38385846114893374
SAS,2023,-1.131968187477877,0.5380362714280378,0.4146341463414634,9,0.43025995651353494
TOR,2023,-0.04384896502566727,0.5398991902389388,0.5853658536585366,21,0.5064997757725618
UTA,2023,-0.5518609115673115,0.6451535246130672,0.5975609756097561,22,0.5027114260429902
WAS,2023,-0.17039464977206906,0.4251805622580939,0.4268292682926829,10,0.4649012288498467
